object={
	name="tree_sakura_forest_generator_0"
	render_pass=Map
	clamp_to_water_level=no
	generated_content=yes
	layer="tree_high_layer"
	pdxmesh="tree_sakura_01_mesh"
	count=90
	transform="9075.852539 0.000000 2591.228760 0.000000 0.698016 0.000000 0.716082 1.000000 1.000000 1.000000
9062.432617 0.000000 2583.577393 0.000000 0.844663 0.000000 0.535299 1.000000 1.000000 1.000000
9061.433594 0.000000 2687.214355 0.000000 0.353576 0.000000 0.935406 1.000000 1.000000 1.000000
9059.897461 0.000000 2699.591797 0.000000 0.451570 0.000000 0.892236 1.000000 1.000000 1.000000
9044.320312 0.000000 2699.551025 0.000000 0.454941 0.000000 0.890522 1.000000 1.000000 1.000000
9183.922852 0.000000 2783.360107 0.000000 0.131333 0.000000 0.991338 1.000000 1.000000 1.000000
9249.815430 0.000000 2729.190430 0.000000 0.403838 0.000000 0.914830 1.000000 1.000000 1.000000
9171.370117 0.000000 2790.254150 0.000000 0.831658 0.000000 0.555288 1.000000 1.000000 1.000000
9315.436523 0.000000 2743.162842 0.000000 0.089005 0.000000 0.996031 1.000000 1.000000 1.000000
9371.554688 0.000000 2757.919189 0.000000 0.003438 0.000000 0.999994 1.000000 1.000000 1.000000
9336.159180 0.000000 2763.546143 0.000000 0.122137 0.000000 0.992513 1.000000 1.000000 1.000000
9327.504883 0.000000 2723.896973 0.000000 0.439341 0.000000 0.898321 1.000000 1.000000 1.000000
9313.503906 0.000000 2751.329346 0.000000 0.771574 0.000000 0.636140 1.000000 1.000000 1.000000
9332.427734 0.000000 2760.134766 0.000000 0.054570 0.000000 0.998510 1.000000 1.000000 1.000000
9327.786133 0.000000 2751.717773 0.000000 0.734676 0.000000 0.678418 1.000000 1.000000 1.000000
9331.621094 0.000000 2719.458008 0.000000 0.719598 0.000000 0.694391 1.000000 1.000000 1.000000
9370.823242 0.000000 2766.789551 0.000000 0.458765 0.000000 0.888558 1.000000 1.000000 1.000000
9357.819336 0.000000 2738.302002 0.000000 0.163286 0.000000 0.986579 1.000000 1.000000 1.000000
9320.282227 0.000000 2813.600098 0.000000 0.096966 0.000000 0.995288 1.000000 1.000000 1.000000
9334.418945 0.000000 2799.702637 0.000000 0.552061 0.000000 0.833804 1.000000 1.000000 1.000000
9338.704102 0.000000 2799.841553 0.000000 0.629282 0.000000 0.777177 1.000000 1.000000 1.000000
9333.663086 0.000000 2803.880615 0.000000 0.153135 0.000000 0.988205 1.000000 1.000000 1.000000
9320.948242 0.000000 2816.529297 0.000000 0.613183 0.000000 0.789941 1.000000 1.000000 1.000000
9318.240234 0.000000 2814.801758 0.000000 0.816196 0.000000 0.577774 1.000000 1.000000 1.000000
9383.017578 0.000000 2808.296875 0.000000 0.119962 0.000000 0.992778 1.000000 1.000000 1.000000
9383.628906 0.000000 2807.189941 0.000000 0.499785 0.000000 0.866150 1.000000 1.000000 1.000000
9450.011719 0.000000 2833.741699 0.000000 0.790545 0.000000 0.612404 1.000000 1.000000 1.000000
9411.524414 0.000000 2813.600098 0.000000 0.174355 0.000000 0.984683 1.000000 1.000000 1.000000
9473.844727 0.000000 2827.009033 0.000000 0.487196 0.000000 0.873293 1.000000 1.000000 1.000000
9409.447266 0.000000 2824.366943 0.000000 0.118421 0.000000 0.992963 1.000000 1.000000 1.000000
9453.691406 0.000000 2819.135986 0.000000 0.784864 0.000000 0.619669 1.000000 1.000000 1.000000
9482.138672 0.000000 2795.849365 0.000000 0.084177 0.000000 0.996451 1.000000 1.000000 1.000000
9411.050781 0.000000 2801.131836 0.000000 0.055304 0.000000 0.998470 1.000000 1.000000 1.000000
9461.304688 0.000000 2830.842773 0.000000 0.378581 0.000000 0.925568 1.000000 1.000000 1.000000
9454.374023 0.000000 2822.030273 0.000000 0.808696 0.000000 0.588227 1.000000 1.000000 1.000000
9461.710938 0.000000 2826.037354 0.000000 0.415541 0.000000 0.909574 1.000000 1.000000 1.000000
9530.852539 0.000000 2870.184082 0.000000 0.543545 0.000000 0.839380 1.000000 1.000000 1.000000
9542.207031 0.000000 2844.681885 0.000000 0.572423 0.000000 0.819958 1.000000 1.000000 1.000000
9501.949219 0.000000 2876.793457 0.000000 0.441859 0.000000 0.897085 1.000000 1.000000 1.000000
9513.387695 0.000000 2871.517822 0.000000 0.669581 0.000000 0.742739 1.000000 1.000000 1.000000
9542.205078 0.000000 2847.602783 0.000000 0.046212 0.000000 0.998932 1.000000 1.000000 1.000000
9548.512695 0.000000 2842.021240 0.000000 0.687286 0.000000 0.726387 1.000000 1.000000 1.000000
9487.807617 0.000000 2884.094238 0.000000 0.835951 0.000000 0.548804 1.000000 1.000000 1.000000
9474.484375 0.000000 2883.592285 0.000000 0.003921 0.000000 0.999992 1.000000 1.000000 1.000000
9484.970703 0.000000 2879.795166 0.000000 0.834943 0.000000 0.550336 1.000000 1.000000 1.000000
9482.778320 0.000000 2882.454102 0.000000 0.427391 0.000000 0.904067 1.000000 1.000000 1.000000
9480.281250 0.000000 2882.878418 0.000000 0.845189 0.000000 0.534468 1.000000 1.000000 1.000000
9553.687500 0.000000 2966.231201 0.000000 0.506458 0.000000 0.862265 1.000000 1.000000 1.000000
9497.413086 0.000000 2880.675293 0.000000 0.439172 0.000000 0.898403 1.000000 1.000000 1.000000
9505.047852 0.000000 2884.894043 0.000000 0.630306 0.000000 0.776347 1.000000 1.000000 1.000000
9615.527344 0.000000 2949.502197 0.000000 0.674482 0.000000 0.738292 1.000000 1.000000 1.000000
9608.463867 0.000000 2962.096191 0.000000 0.113044 0.000000 0.993590 1.000000 1.000000 1.000000
9578.151367 0.000000 2992.257324 0.000000 0.811634 0.000000 0.584166 1.000000 1.000000 1.000000
9603.762695 0.000000 2972.550781 0.000000 0.833615 0.000000 0.552346 1.000000 1.000000 1.000000
9610.333008 0.000000 2986.369873 0.000000 0.739404 0.000000 0.673262 1.000000 1.000000 1.000000
9628.122070 0.000000 3009.711670 0.000000 0.208657 0.000000 0.977989 1.000000 1.000000 1.000000
9658.404297 0.000000 3038.175293 0.000000 0.597156 0.000000 0.802125 1.000000 1.000000 1.000000
9662.211914 0.000000 3052.932129 0.000000 0.740211 0.000000 0.672374 1.000000 1.000000 1.000000
9599.655273 0.000000 2998.161133 0.000000 0.833012 0.000000 0.553255 1.000000 1.000000 1.000000
9613.354492 0.000000 2969.737793 0.000000 0.111425 0.000000 0.993773 1.000000 1.000000 1.000000
9596.904297 0.000000 3002.628418 0.000000 0.450971 0.000000 0.892538 1.000000 1.000000 1.000000
9612.402344 0.000000 2983.508057 0.000000 0.445578 0.000000 0.895243 1.000000 1.000000 1.000000
9617.997070 0.000000 2986.064453 0.000000 0.079837 0.000000 0.996808 1.000000 1.000000 1.000000
9660.351562 0.000000 3055.179199 0.000000 0.236068 0.000000 0.971737 1.000000 1.000000 1.000000
9605.503906 0.000000 2973.545898 0.000000 0.724170 0.000000 0.689622 1.000000 1.000000 1.000000
9625.258789 0.000000 3109.161133 0.000000 0.814069 0.000000 0.580768 1.000000 1.000000 1.000000
9621.923828 0.000000 3091.197998 0.000000 0.228443 0.000000 0.973557 1.000000 1.000000 1.000000
9650.990234 0.000000 3108.391357 0.000000 0.618229 0.000000 0.785998 1.000000 1.000000 1.000000
9657.466797 0.000000 3059.544678 0.000000 0.845052 0.000000 0.534684 1.000000 1.000000 1.000000
9641.008789 0.000000 3105.258057 0.000000 0.411928 0.000000 0.911216 1.000000 1.000000 1.000000
9665.039062 0.000000 3208.665527 0.000000 0.359904 0.000000 0.932989 1.000000 1.000000 1.000000
9663.727539 0.000000 3213.368652 0.000000 0.467267 0.000000 0.884116 1.000000 1.000000 1.000000
9658.477539 0.000000 3319.458740 0.000000 0.025835 0.000000 0.999666 1.000000 1.000000 1.000000
9656.958984 0.000000 3315.253906 0.000000 0.179494 0.000000 0.983759 1.000000 1.000000 1.000000
9596.666992 0.000000 3287.295654 0.000000 0.112298 0.000000 0.993675 1.000000 1.000000 1.000000
9659.935547 0.000000 3316.579102 0.000000 0.506175 0.000000 0.862431 1.000000 1.000000 1.000000
9652.385742 0.000000 3330.046387 0.000000 0.659727 0.000000 0.751506 1.000000 1.000000 1.000000
9690.954102 0.000000 3324.421143 0.000000 0.289939 0.000000 0.957045 1.000000 1.000000 1.000000
9680.038086 0.000000 3321.449463 0.000000 0.824296 0.000000 0.566159 1.000000 1.000000 1.000000
9681.904297 0.000000 3336.063965 0.000000 0.296769 0.000000 0.954949 1.000000 1.000000 1.000000
9759.228516 0.000000 3341.373779 0.000000 0.816734 0.000000 0.577015 1.000000 1.000000 1.000000
9769.720703 0.000000 3340.531738 0.000000 0.855290 0.000000 0.518149 1.000000 1.000000 1.000000
9801.308594 0.000000 3334.066406 0.000000 0.346984 0.000000 0.937871 1.000000 1.000000 1.000000
9798.621094 0.000000 3339.529053 0.000000 0.839257 0.000000 0.543736 1.000000 1.000000 1.000000
9765.965820 0.000000 3340.031982 0.000000 0.156043 0.000000 0.987750 1.000000 1.000000 1.000000
9701.125000 0.000000 3458.948486 0.000000 0.138232 0.000000 0.990400 1.000000 1.000000 1.000000
9718.851562 0.000000 3464.676025 0.000000 0.651512 0.000000 0.758639 1.000000 1.000000 1.000000
9714.836914 0.000000 3473.982666 0.000000 0.389452 0.000000 0.921047 1.000000 1.000000 1.000000
9702.688477 0.000000 3454.969727 0.000000 0.686389 0.000000 0.727234 1.000000 1.000000 1.000000
9703.709961 0.000000 3457.818359 0.000000 0.788069 0.000000 0.615587 1.000000 1.000000 1.000000
"}
object={
	name="tree_sakura_forest_generator_1"
	render_pass=Map
	clamp_to_water_level=no
	generated_content=yes
	layer="tree_high_layer"
	pdxmesh="tree_sakura_02_mesh"
	count=90
	transform="9068.074219 0.000000 2589.564697 0.000000 0.999564 0.000000 0.029519 1.000000 1.000000 1.000000
9064.580078 0.000000 2689.245361 0.000000 0.893894 0.000000 0.448278 1.000000 1.000000 1.000000
9033.028320 0.000000 2690.162598 0.000000 0.957984 0.000000 0.286820 1.000000 1.000000 1.000000
9043.208984 0.000000 2706.173340 0.000000 0.995243 0.000000 0.097421 1.000000 1.000000 1.000000
9154.112305 0.000000 2782.571289 0.000000 0.938984 0.000000 -0.343962 1.000000 1.000000 1.000000
9178.389648 0.000000 2782.459229 0.000000 0.995743 0.000000 0.092170 1.000000 1.000000 1.000000
9231.935547 0.000000 2732.675293 0.000000 0.995084 0.000000 -0.099032 1.000000 1.000000 1.000000
9196.174805 0.000000 2790.140137 0.000000 0.997991 0.000000 0.063362 1.000000 1.000000 1.000000
9326.782227 0.000000 2748.943848 0.000000 0.999941 0.000000 0.010852 1.000000 1.000000 1.000000
9348.197266 0.000000 2731.260498 0.000000 0.981644 0.000000 0.190723 1.000000 1.000000 1.000000
9352.722656 0.000000 2758.034180 0.000000 0.943049 0.000000 -0.332653 1.000000 1.000000 1.000000
9371.355469 0.000000 2769.061523 0.000000 0.882047 0.000000 0.471162 1.000000 1.000000 1.000000
9373.053711 0.000000 2761.306152 0.000000 0.997148 0.000000 0.075476 1.000000 1.000000 1.000000
9329.750000 0.000000 2721.078857 0.000000 0.990493 0.000000 0.137567 1.000000 1.000000 1.000000
9357.594727 0.000000 2740.571777 0.000000 0.989784 0.000000 0.142572 1.000000 1.000000 1.000000
9373.909180 0.000000 2763.288330 0.000000 0.996068 0.000000 0.088593 1.000000 1.000000 1.000000
9385.897461 0.000000 2798.661621 0.000000 0.900489 0.000000 -0.434880 1.000000 1.000000 1.000000
9353.854492 0.000000 2790.254150 0.000000 0.999192 0.000000 0.040187 1.000000 1.000000 1.000000
9336.606445 0.000000 2806.401123 0.000000 0.952650 0.000000 0.304068 1.000000 1.000000 1.000000
9321.757812 0.000000 2819.333496 0.000000 0.999614 0.000000 0.027790 1.000000 1.000000 1.000000
9319.154297 0.000000 2819.392578 0.000000 0.926233 0.000000 -0.376952 1.000000 1.000000 1.000000
9487.807617 0.000000 2794.109863 0.000000 0.970393 0.000000 0.241530 1.000000 1.000000 1.000000
9448.580078 0.000000 2816.563232 0.000000 0.973124 0.000000 -0.230281 1.000000 1.000000 1.000000
9413.000000 0.000000 2819.333496 0.000000 0.923591 0.000000 -0.383378 1.000000 1.000000 1.000000
9471.375000 0.000000 2815.677490 0.000000 0.907204 0.000000 -0.420692 1.000000 1.000000 1.000000
9459.182617 0.000000 2814.213867 0.000000 0.989230 0.000000 -0.146373 1.000000 1.000000 1.000000
9458.524414 0.000000 2835.304932 0.000000 0.894654 0.000000 -0.446759 1.000000 1.000000 1.000000
9458.917969 0.000000 2829.841064 0.000000 0.995443 0.000000 -0.095361 1.000000 1.000000 1.000000
9412.516602 0.000000 2808.985107 0.000000 0.973004 0.000000 -0.230786 1.000000 1.000000 1.000000
9519.081055 0.000000 2872.555664 0.000000 0.966121 0.000000 -0.258091 1.000000 1.000000 1.000000
9491.518555 0.000000 2811.393311 0.000000 0.994069 0.000000 0.108751 1.000000 1.000000 1.000000
9541.253906 0.000000 2833.741699 0.000000 0.970930 0.000000 -0.239366 1.000000 1.000000 1.000000
9512.384766 0.000000 2843.642822 0.000000 0.996417 0.000000 0.084579 1.000000 1.000000 1.000000
9555.538086 0.000000 2851.290527 0.000000 0.930849 0.000000 -0.365405 1.000000 1.000000 1.000000
9550.169922 0.000000 2848.542969 0.000000 0.952513 0.000000 -0.304498 1.000000 1.000000 1.000000
9553.057617 0.000000 2850.296631 0.000000 0.982051 0.000000 0.188618 1.000000 1.000000 1.000000
9546.793945 0.000000 2844.957520 0.000000 0.887452 0.000000 0.460899 1.000000 1.000000 1.000000
9479.576172 0.000000 2880.582031 0.000000 0.993426 0.000000 -0.114475 1.000000 1.000000 1.000000
9482.138672 0.000000 2885.833740 0.000000 0.961855 0.000000 -0.273558 1.000000 1.000000 1.000000
9478.582031 0.000000 2884.499756 0.000000 0.866754 0.000000 0.498736 1.000000 1.000000 1.000000
9533.205078 0.000000 2904.009521 0.000000 0.990132 0.000000 0.140137 1.000000 1.000000 1.000000
9512.341797 0.000000 2897.618652 0.000000 0.989164 0.000000 0.146812 1.000000 1.000000 1.000000
9556.908203 0.000000 2894.767334 0.000000 0.999979 0.000000 -0.006420 1.000000 1.000000 1.000000
9575.469727 0.000000 2960.341797 0.000000 0.890043 0.000000 0.455877 1.000000 1.000000 1.000000
9490.626953 0.000000 2879.900391 0.000000 0.997650 0.000000 0.068513 1.000000 1.000000 1.000000
9521.338867 0.000000 2902.490234 0.000000 0.985780 0.000000 -0.168040 1.000000 1.000000 1.000000
9507.410156 0.000000 2889.916748 0.000000 0.928595 0.000000 -0.371094 1.000000 1.000000 1.000000
9605.242188 0.000000 2953.104980 0.000000 0.997549 0.000000 0.069971 1.000000 1.000000 1.000000
9606.670898 0.000000 2907.568848 0.000000 0.993588 0.000000 -0.113059 1.000000 1.000000 1.000000
9616.948242 0.000000 2965.646240 0.000000 0.994620 0.000000 -0.103592 1.000000 1.000000 1.000000
9599.866211 0.000000 2894.492920 0.000000 0.970670 0.000000 -0.240414 1.000000 1.000000 1.000000
9619.779297 0.000000 2951.595947 0.000000 0.910863 0.000000 -0.412708 1.000000 1.000000 1.000000
9603.886719 0.000000 2969.226807 0.000000 0.930424 0.000000 0.366484 1.000000 1.000000 1.000000
9609.999023 0.000000 2960.179199 0.000000 0.999307 0.000000 -0.037233 1.000000 1.000000 1.000000
9605.356445 0.000000 2897.630371 0.000000 0.889165 0.000000 0.457586 1.000000 1.000000 1.000000
9561.143555 0.000000 2970.108887 0.000000 0.894661 0.000000 0.446745 1.000000 1.000000 1.000000
9573.479492 0.000000 2988.831543 0.000000 0.919060 0.000000 -0.394117 1.000000 1.000000 1.000000
9576.508789 0.000000 2989.254150 0.000000 0.992744 0.000000 0.120247 1.000000 1.000000 1.000000
9632.496094 0.000000 3013.710449 0.000000 0.879328 0.000000 -0.476217 1.000000 1.000000 1.000000
9615.809570 0.000000 2983.135742 0.000000 0.965710 0.000000 -0.259622 1.000000 1.000000 1.000000
9614.559570 0.000000 2988.152344 0.000000 0.999773 0.000000 0.021300 1.000000 1.000000 1.000000
9593.650391 0.000000 3001.752686 0.000000 0.999952 0.000000 0.009779 1.000000 1.000000 1.000000
9614.318359 0.000000 2985.395996 0.000000 0.986435 0.000000 -0.164154 1.000000 1.000000 1.000000
9643.692383 0.000000 3045.457764 0.000000 0.998315 0.000000 0.058027 1.000000 1.000000 1.000000
9604.099609 0.000000 2975.059814 0.000000 0.926223 0.000000 -0.376976 1.000000 1.000000 1.000000
9660.272461 0.000000 3052.711914 0.000000 0.980466 0.000000 -0.196688 1.000000 1.000000 1.000000
9639.691406 0.000000 3075.223389 0.000000 0.999604 0.000000 0.028137 1.000000 1.000000 1.000000
9624.742188 0.000000 3095.426758 0.000000 0.923538 0.000000 0.383506 1.000000 1.000000 1.000000
9625.121094 0.000000 3101.856445 0.000000 0.995412 0.000000 0.095682 1.000000 1.000000 1.000000
9663.979492 0.000000 3211.240723 0.000000 0.997307 0.000000 0.073337 1.000000 1.000000 1.000000
9663.159180 0.000000 3206.722656 0.000000 0.934761 0.000000 0.355278 1.000000 1.000000 1.000000
9661.334961 0.000000 3213.754883 0.000000 0.996089 0.000000 0.088351 1.000000 1.000000 1.000000
9666.711914 0.000000 3320.279297 0.000000 0.988344 0.000000 -0.152240 1.000000 1.000000 1.000000
9657.469727 0.000000 3325.804932 0.000000 0.869181 0.000000 -0.494494 1.000000 1.000000 1.000000
9593.228516 0.000000 3289.414795 0.000000 0.876946 0.000000 -0.480589 1.000000 1.000000 1.000000
9673.141602 0.000000 3317.922363 0.000000 0.903946 0.000000 -0.427646 1.000000 1.000000 1.000000
9684.433594 0.000000 3326.715332 0.000000 0.940640 0.000000 -0.339407 1.000000 1.000000 1.000000
9697.549805 0.000000 3326.926270 0.000000 0.988051 0.000000 -0.154128 1.000000 1.000000 1.000000
9694.165039 0.000000 3325.938721 0.000000 0.998211 0.000000 -0.059794 1.000000 1.000000 1.000000
9708.399414 0.000000 3330.369385 0.000000 0.924391 0.000000 -0.381446 1.000000 1.000000 1.000000
9701.814453 0.000000 3332.535645 0.000000 0.959792 0.000000 -0.280710 1.000000 1.000000 1.000000
9702.764648 0.000000 3389.739502 0.000000 0.998061 0.000000 0.062250 1.000000 1.000000 1.000000
9761.860352 0.000000 3340.438721 0.000000 0.997276 0.000000 -0.073766 1.000000 1.000000 1.000000
9810.500977 0.000000 3399.816895 0.000000 0.907454 0.000000 0.420152 1.000000 1.000000 1.000000
9762.985352 0.000000 3343.690186 0.000000 0.890237 0.000000 0.455498 1.000000 1.000000 1.000000
9801.570312 0.000000 3390.842529 0.000000 0.931330 0.000000 0.364177 1.000000 1.000000 1.000000
9766.728516 0.000000 3338.309326 0.000000 0.977476 0.000000 0.211049 1.000000 1.000000 1.000000
9810.140625 0.000000 3396.814697 0.000000 0.955657 0.000000 -0.294482 1.000000 1.000000 1.000000
9705.307617 0.000000 3452.093018 0.000000 0.920112 0.000000 0.391654 1.000000 1.000000 1.000000
9706.399414 0.000000 3458.849365 0.000000 0.999987 0.000000 -0.005135 1.000000 1.000000 1.000000
"}
object={
	name="tree_sakura_forest_generator_2"
	render_pass=Map
	clamp_to_water_level=no
	generated_content=yes
	layer="tree_high_layer"
	pdxmesh="tree_sakura_03_mesh"
	count=91
	transform="9048.836914 0.000000 2704.925293 0.000000 0.168890 0.000000 -0.985635 1.000000 1.000000 1.000000
9235.645508 0.000000 2732.427734 0.000000 0.407362 0.000000 -0.913267 1.000000 1.000000 1.000000
9226.962891 0.000000 2734.382568 0.000000 0.588777 0.000000 -0.808295 1.000000 1.000000 1.000000
9247.146484 0.000000 2727.660156 0.000000 0.280817 0.000000 -0.959761 1.000000 1.000000 1.000000
9244.446289 0.000000 2728.198975 0.000000 0.097339 0.000000 -0.995251 1.000000 1.000000 1.000000
9256.955078 0.000000 2821.244873 0.000000 0.827168 0.000000 -0.561954 1.000000 1.000000 1.000000
9242.708984 0.000000 2824.182617 0.000000 0.833590 0.000000 -0.552384 1.000000 1.000000 1.000000
9353.476562 0.000000 2785.842041 0.000000 0.748612 0.000000 -0.663008 1.000000 1.000000 1.000000
9354.395508 0.000000 2739.758545 0.000000 0.351336 0.000000 -0.936249 1.000000 1.000000 1.000000
9369.990234 0.000000 2753.222656 0.000000 0.495491 0.000000 -0.868613 1.000000 1.000000 1.000000
9355.275391 0.000000 2754.399170 0.000000 0.283883 0.000000 -0.958859 1.000000 1.000000 1.000000
9356.217773 0.000000 2736.557861 0.000000 0.846073 0.000000 -0.533067 1.000000 1.000000 1.000000
9380.386719 0.000000 2803.879150 0.000000 0.793982 0.000000 -0.607941 1.000000 1.000000 1.000000
9317.950195 0.000000 2817.205566 0.000000 0.321134 0.000000 -0.947034 1.000000 1.000000 1.000000
9338.675781 0.000000 2803.539307 0.000000 0.541126 0.000000 -0.840942 1.000000 1.000000 1.000000
9319.923828 0.000000 2821.783936 0.000000 0.336935 0.000000 -0.941528 1.000000 1.000000 1.000000
9336.115234 0.000000 2802.078613 0.000000 0.731395 0.000000 -0.681955 1.000000 1.000000 1.000000
9336.292969 0.000000 2804.259521 0.000000 0.786210 0.000000 -0.617959 1.000000 1.000000 1.000000
9382.441406 0.000000 2804.923584 0.000000 0.565612 0.000000 -0.824671 1.000000 1.000000 1.000000
9400.276367 0.000000 2811.393311 0.000000 0.176006 0.000000 -0.984389 1.000000 1.000000 1.000000
9467.137695 0.000000 2820.013184 0.000000 0.135034 0.000000 -0.990841 1.000000 1.000000 1.000000
9458.947266 0.000000 2838.960693 0.000000 0.162798 0.000000 -0.986659 1.000000 1.000000 1.000000
9416.167969 0.000000 2799.932373 0.000000 0.851657 0.000000 -0.524099 1.000000 1.000000 1.000000
9413.685547 0.000000 2807.022217 0.000000 0.762369 0.000000 -0.647143 1.000000 1.000000 1.000000
9413.805664 0.000000 2794.909668 0.000000 0.541026 0.000000 -0.841006 1.000000 1.000000 1.000000
9466.374023 0.000000 2845.205566 0.000000 0.831304 0.000000 -0.555818 1.000000 1.000000 1.000000
9417.381836 0.000000 2804.508545 0.000000 0.186250 0.000000 -0.982502 1.000000 1.000000 1.000000
9468.505859 0.000000 2838.438232 0.000000 0.624855 0.000000 -0.780741 1.000000 1.000000 1.000000
9464.926758 0.000000 2831.610352 0.000000 0.582586 0.000000 -0.812769 1.000000 1.000000 1.000000
9468.621094 0.000000 2841.747559 0.000000 0.709394 0.000000 -0.704813 1.000000 1.000000 1.000000
9459.965820 0.000000 2824.597168 0.000000 0.702214 0.000000 -0.711966 1.000000 1.000000 1.000000
9459.751953 0.000000 2833.023926 0.000000 0.484992 0.000000 -0.874519 1.000000 1.000000 1.000000
9412.477539 0.000000 2811.249512 0.000000 0.780069 0.000000 -0.625694 1.000000 1.000000 1.000000
9461.439453 0.000000 2828.369385 0.000000 0.650887 0.000000 -0.759175 1.000000 1.000000 1.000000
9463.181641 0.000000 2829.762939 0.000000 0.674001 0.000000 -0.738731 1.000000 1.000000 1.000000
9458.458008 0.000000 2825.550537 0.000000 0.203422 0.000000 -0.979091 1.000000 1.000000 1.000000
9461.632812 0.000000 2824.195557 0.000000 0.727318 0.000000 -0.686301 1.000000 1.000000 1.000000
9460.124023 0.000000 2826.197266 0.000000 0.814794 0.000000 -0.579750 1.000000 1.000000 1.000000
9495.647461 0.000000 2879.303223 0.000000 0.691608 0.000000 -0.722273 1.000000 1.000000 1.000000
9554.039062 0.000000 2847.903564 0.000000 0.676841 0.000000 -0.736129 1.000000 1.000000 1.000000
9532.063477 0.000000 2861.181885 0.000000 0.860774 0.000000 -0.508988 1.000000 1.000000 1.000000
9507.063477 0.000000 2846.441895 0.000000 0.726186 0.000000 -0.687498 1.000000 1.000000 1.000000
9536.774414 0.000000 2859.910645 0.000000 0.723519 0.000000 -0.690304 1.000000 1.000000 1.000000
9545.272461 0.000000 2844.446289 0.000000 0.435867 0.000000 -0.900011 1.000000 1.000000 1.000000
9552.191406 0.000000 2848.467529 0.000000 0.564542 0.000000 -0.825404 1.000000 1.000000 1.000000
9545.663086 0.000000 2846.333984 0.000000 0.436352 0.000000 -0.899776 1.000000 1.000000 1.000000
9547.201172 0.000000 2846.126953 0.000000 0.167549 0.000000 -0.985864 1.000000 1.000000 1.000000
9469.466797 0.000000 2888.235840 0.000000 0.096048 0.000000 -0.995377 1.000000 1.000000 1.000000
9468.790039 0.000000 2884.044922 0.000000 0.058379 0.000000 -0.998295 1.000000 1.000000 1.000000
9472.527344 0.000000 2886.701172 0.000000 0.786357 0.000000 -0.617772 1.000000 1.000000 1.000000
9476.946289 0.000000 2882.006348 0.000000 0.245122 0.000000 -0.969492 1.000000 1.000000 1.000000
9606.861328 0.000000 2902.011719 0.000000 0.461279 0.000000 -0.887255 1.000000 1.000000 1.000000
9611.761719 0.000000 2967.570801 0.000000 0.578441 0.000000 -0.815724 1.000000 1.000000 1.000000
9600.165039 0.000000 2969.099609 0.000000 0.849341 0.000000 -0.527845 1.000000 1.000000 1.000000
9607.389648 0.000000 2893.864990 0.000000 0.326650 0.000000 -0.945145 1.000000 1.000000 1.000000
9607.715820 0.000000 2960.383545 0.000000 0.496727 0.000000 -0.867907 1.000000 1.000000 1.000000
9551.258789 0.000000 2969.588379 0.000000 0.043762 0.000000 -0.999042 1.000000 1.000000 1.000000
9564.242188 0.000000 2989.767090 0.000000 0.518654 0.000000 -0.854985 1.000000 1.000000 1.000000
9652.831055 0.000000 3046.069336 0.000000 0.319842 0.000000 -0.947471 1.000000 1.000000 1.000000
9617.157227 0.000000 2970.431885 0.000000 0.643710 0.000000 -0.765269 1.000000 1.000000 1.000000
9621.923828 0.000000 3001.213623 0.000000 0.095643 0.000000 -0.995416 1.000000 1.000000 1.000000
9658.477539 0.000000 3049.505615 0.000000 0.792153 0.000000 -0.610323 1.000000 1.000000 1.000000
9584.112305 0.000000 2985.365967 0.000000 0.650728 0.000000 -0.759311 1.000000 1.000000 1.000000
9645.082031 0.000000 3039.014648 0.000000 0.037301 0.000000 -0.999304 1.000000 1.000000 1.000000
9616.355469 0.000000 2992.180908 0.000000 0.821382 0.000000 -0.570379 1.000000 1.000000 1.000000
9661.884766 0.000000 3038.230469 0.000000 0.663471 0.000000 -0.748202 1.000000 1.000000 1.000000
9658.313477 0.000000 3052.746338 0.000000 0.729873 0.000000 -0.683582 1.000000 1.000000 1.000000
9660.712891 0.000000 3050.814697 0.000000 0.025753 0.000000 -0.999668 1.000000 1.000000 1.000000
9642.485352 0.000000 3042.471191 0.000000 0.442925 0.000000 -0.896559 1.000000 1.000000 1.000000
9602.027344 0.000000 2970.814941 0.000000 0.721080 0.000000 -0.692852 1.000000 1.000000 1.000000
9622.063477 0.000000 3099.683105 0.000000 0.078052 0.000000 -0.996949 1.000000 1.000000 1.000000
9653.296875 0.000000 3114.199463 0.000000 0.618528 0.000000 -0.785762 1.000000 1.000000 1.000000
9627.609375 0.000000 3104.738525 0.000000 0.351632 0.000000 -0.936138 1.000000 1.000000 1.000000
9653.217773 0.000000 3105.692627 0.000000 0.700043 0.000000 -0.714100 1.000000 1.000000 1.000000
9595.695312 0.000000 3290.952881 0.000000 0.197946 0.000000 -0.980213 1.000000 1.000000 1.000000
9659.624023 0.000000 3338.567871 0.000000 0.588490 0.000000 -0.808504 1.000000 1.000000 1.000000
9676.480469 0.000000 3324.801514 0.000000 0.517731 0.000000 -0.855544 1.000000 1.000000 1.000000
9761.534180 0.000000 3334.016113 0.000000 0.772221 0.000000 -0.635354 1.000000 1.000000 1.000000
9706.769531 0.000000 3399.424072 0.000000 0.641862 0.000000 -0.766820 1.000000 1.000000 1.000000
9701.127930 0.000000 3393.436768 0.000000 0.822452 0.000000 -0.568834 1.000000 1.000000 1.000000
9697.396484 0.000000 3390.025391 0.000000 0.516495 0.000000 -0.856290 1.000000 1.000000 1.000000
9705.212891 0.000000 3395.387939 0.000000 0.708858 0.000000 -0.705351 1.000000 1.000000 1.000000
9703.910156 0.000000 3392.706543 0.000000 0.776212 0.000000 -0.630472 1.000000 1.000000 1.000000
9799.641602 0.000000 3330.369385 0.000000 0.469472 0.000000 -0.882947 1.000000 1.000000 1.000000
9763.983398 0.000000 3340.031494 0.000000 0.583679 0.000000 -0.811985 1.000000 1.000000 1.000000
9808.933594 0.000000 3387.924805 0.000000 0.091846 0.000000 -0.995773 1.000000 1.000000 1.000000
9766.672852 0.000000 3341.831299 0.000000 0.101115 0.000000 -0.994875 1.000000 1.000000 1.000000
9723.738281 0.000000 3463.632324 0.000000 0.803117 0.000000 -0.595821 1.000000 1.000000 1.000000
9763.983398 0.000000 3430.015869 0.000000 0.181902 0.000000 -0.983317 1.000000 1.000000 1.000000
9767.288086 0.000000 3425.070068 0.000000 0.832834 0.000000 -0.553523 1.000000 1.000000 1.000000
9763.365234 0.000000 3423.958496 0.000000 0.772608 0.000000 -0.634884 1.000000 1.000000 1.000000
"}
