object={
	name="tree_sakura_01_generator_0"
	render_pass=Map
	clamp_to_water_level=no
	generated_content=yes
	layer="tree_high_layer"
	pdxmesh="tree_sakura_01_mesh"
	count=346
	transform="9036.251953 0.000000 2492.120361 0.000000 0.839251 0.000000 0.543744 1.000000 1.000000 1.000000
9061.363281 0.000000 2502.779785 0.000000 0.818238 0.000000 -0.574879 1.000000 1.000000 1.000000
9059.315430 0.000000 2500.159912 0.000000 0.488884 0.000000 -0.872349 1.000000 1.000000 1.000000
9061.210938 0.000000 2575.770508 0.000000 0.958110 0.000000 -0.286401 1.000000 1.000000 1.000000
9079.750000 0.000000 2605.873291 0.000000 0.989993 0.000000 0.141116 1.000000 1.000000 1.000000
9087.622070 0.000000 2609.424805 0.000000 0.758477 0.000000 0.651700 1.000000 1.000000 1.000000
9067.909180 0.000000 2581.118652 0.000000 0.940398 0.000000 0.340076 1.000000 1.000000 1.000000
9064.069336 0.000000 2579.880127 0.000000 0.821848 0.000000 0.569706 1.000000 1.000000 1.000000
9061.360352 0.000000 2578.651611 0.000000 0.648078 0.000000 0.761574 1.000000 1.000000 1.000000
9065.854492 0.000000 2580.840332 0.000000 0.791891 0.000000 0.610663 1.000000 1.000000 1.000000
9063.505859 0.000000 2581.816162 0.000000 0.082517 0.000000 0.996590 1.000000 1.000000 1.000000
9064.334961 0.000000 2655.100586 0.000000 0.730795 0.000000 0.682597 1.000000 1.000000 1.000000
9054.552734 0.000000 2673.183350 0.000000 0.832049 0.000000 0.554702 1.000000 1.000000 1.000000
9091.310547 0.000000 2644.366699 0.000000 0.949838 0.000000 -0.312741 1.000000 1.000000 1.000000
9085.996094 0.000000 2664.713135 0.000000 0.961696 0.000000 -0.274117 1.000000 1.000000 1.000000
9050.359375 0.000000 2679.260254 0.000000 0.993684 0.000000 0.112217 1.000000 1.000000 1.000000
9067.704102 0.000000 2648.989990 0.000000 0.523584 0.000000 -0.851974 1.000000 1.000000 1.000000
9088.881836 0.000000 2611.690186 0.000000 0.896743 0.000000 0.442552 1.000000 1.000000 1.000000
9053.004883 0.000000 2687.835693 0.000000 0.596511 0.000000 0.802605 1.000000 1.000000 1.000000
9056.173828 0.000000 2663.674072 0.000000 0.997272 0.000000 0.073813 1.000000 1.000000 1.000000
9050.778320 0.000000 2674.628906 0.000000 0.098783 0.000000 -0.995109 1.000000 1.000000 1.000000
9043.543945 0.000000 2685.514893 0.000000 0.472062 0.000000 0.881565 1.000000 1.000000 1.000000
9059.460938 0.000000 2662.868896 0.000000 0.268929 0.000000 -0.963160 1.000000 1.000000 1.000000
9049.239258 0.000000 2688.291748 0.000000 0.646433 0.000000 0.762971 1.000000 1.000000 1.000000
9089.405273 0.000000 2642.061523 0.000000 0.925610 0.000000 -0.378479 1.000000 1.000000 1.000000
9087.004883 0.000000 2640.888184 0.000000 0.973963 0.000000 0.226706 1.000000 1.000000 1.000000
9047.093750 0.000000 2689.140625 0.000000 0.896150 0.000000 -0.443751 1.000000 1.000000 1.000000
9048.653320 0.000000 2686.486572 0.000000 0.251091 0.000000 0.967964 1.000000 1.000000 1.000000
9178.389648 0.000000 2692.474854 0.000000 0.734840 0.000000 -0.678240 1.000000 1.000000 1.000000
9176.960938 0.000000 2688.137695 0.000000 0.286484 0.000000 -0.958085 1.000000 1.000000 1.000000
9193.495117 0.000000 2697.159668 0.000000 0.314683 0.000000 -0.949197 1.000000 1.000000 1.000000
9163.713867 0.000000 2696.567871 0.000000 0.782032 0.000000 0.623238 1.000000 1.000000 1.000000
9170.069336 0.000000 2665.216309 0.000000 0.267702 0.000000 -0.963502 1.000000 1.000000 1.000000
9190.739258 0.000000 2697.986816 0.000000 0.323527 0.000000 -0.946219 1.000000 1.000000 1.000000
9191.774414 0.000000 2696.238770 0.000000 0.810524 0.000000 0.585705 1.000000 1.000000 1.000000
9160.946289 0.000000 2700.478760 0.000000 0.091698 0.000000 -0.995787 1.000000 1.000000 1.000000
9208.510742 0.000000 2718.878418 0.000000 0.979107 0.000000 -0.203345 1.000000 1.000000 1.000000
9201.258789 0.000000 2785.898682 0.000000 0.943297 0.000000 0.331950 1.000000 1.000000 1.000000
9153.674805 0.000000 2763.546143 0.000000 0.411341 0.000000 -0.911482 1.000000 1.000000 1.000000
9158.856445 0.000000 2776.999512 0.000000 0.258362 0.000000 -0.966048 1.000000 1.000000 1.000000
9181.031250 0.000000 2776.047119 0.000000 0.982216 0.000000 0.187753 1.000000 1.000000 1.000000
9213.815430 0.000000 2717.149170 0.000000 0.970740 0.000000 0.240133 1.000000 1.000000 1.000000
9134.778320 0.000000 2772.178467 0.000000 0.768063 0.000000 0.640374 1.000000 1.000000 1.000000
9184.208984 0.000000 2703.925293 0.000000 0.901942 0.000000 0.431857 1.000000 1.000000 1.000000
9183.508789 0.000000 2779.311768 0.000000 0.990998 0.000000 -0.133878 1.000000 1.000000 1.000000
9139.402344 0.000000 2772.372070 0.000000 0.977572 0.000000 -0.210603 1.000000 1.000000 1.000000
9204.625977 0.000000 2718.611328 0.000000 0.729023 0.000000 0.684489 1.000000 1.000000 1.000000
9187.661133 0.000000 2703.121094 0.000000 0.340972 0.000000 -0.940073 1.000000 1.000000 1.000000
9180.143555 0.000000 2779.241455 0.000000 0.990540 0.000000 0.137227 1.000000 1.000000 1.000000
9181.342773 0.000000 2781.997559 0.000000 0.183263 0.000000 0.983064 1.000000 1.000000 1.000000
9188.956055 0.000000 2705.814453 0.000000 0.730976 0.000000 -0.682403 1.000000 1.000000 1.000000
9137.134766 0.000000 2773.626953 0.000000 0.515470 0.000000 0.856908 1.000000 1.000000 1.000000
9186.254883 0.000000 2705.471436 0.000000 0.859139 0.000000 -0.511742 1.000000 1.000000 1.000000
9152.687500 0.000000 2761.163330 0.000000 0.121439 0.000000 0.992599 1.000000 1.000000 1.000000
9206.607422 0.000000 2719.702637 0.000000 0.434066 0.000000 -0.900881 1.000000 1.000000 1.000000
9186.641602 0.000000 2701.535645 0.000000 0.164019 0.000000 0.986457 1.000000 1.000000 1.000000
9189.289062 0.000000 2702.283936 0.000000 0.657251 0.000000 0.753672 1.000000 1.000000 1.000000
9181.766602 0.000000 2780.176025 0.000000 0.838603 0.000000 -0.544743 1.000000 1.000000 1.000000
9187.702148 0.000000 2704.818359 0.000000 0.872413 0.000000 0.488770 1.000000 1.000000 1.000000
9259.478516 0.000000 2724.040771 0.000000 0.305364 0.000000 0.952236 1.000000 1.000000 1.000000
9233.683594 0.000000 2709.947998 0.000000 0.245484 0.000000 -0.969401 1.000000 1.000000 1.000000
9241.338867 0.000000 2787.020020 0.000000 0.851543 0.000000 -0.524284 1.000000 1.000000 1.000000
9239.661133 0.000000 2781.533447 0.000000 0.995403 0.000000 0.095771 1.000000 1.000000 1.000000
9228.566406 0.000000 2711.147461 0.000000 0.983937 0.000000 0.178515 1.000000 1.000000 1.000000
9231.864258 0.000000 2736.397217 0.000000 0.998137 0.000000 0.061017 1.000000 1.000000 1.000000
9222.507812 0.000000 2732.770752 0.000000 0.254759 0.000000 0.967005 1.000000 1.000000 1.000000
9266.548828 0.000000 2786.537354 0.000000 0.374431 0.000000 -0.927255 1.000000 1.000000 1.000000
9234.897461 0.000000 2714.524170 0.000000 0.707676 0.000000 0.706537 1.000000 1.000000 1.000000
9245.695312 0.000000 2706.466553 0.000000 0.921396 0.000000 -0.388624 1.000000 1.000000 1.000000
9238.917969 0.000000 2789.258057 0.000000 0.485976 0.000000 -0.873972 1.000000 1.000000 1.000000
9235.724609 0.000000 2711.900391 0.000000 0.988805 0.000000 -0.149211 1.000000 1.000000 1.000000
9239.742188 0.000000 2784.196533 0.000000 0.673117 0.000000 -0.739536 1.000000 1.000000 1.000000
9235.541992 0.000000 2713.282227 0.000000 0.956177 0.000000 0.292790 1.000000 1.000000 1.000000
9178.703125 0.000000 2797.978516 0.000000 0.976149 0.000000 0.217104 1.000000 1.000000 1.000000
9180.124023 0.000000 2791.658936 0.000000 0.768008 0.000000 0.640440 1.000000 1.000000 1.000000
9175.479492 0.000000 2793.756348 0.000000 0.533226 0.000000 -0.845973 1.000000 1.000000 1.000000
9201.255859 0.000000 2789.591553 0.000000 0.986234 0.000000 -0.165354 1.000000 1.000000 1.000000
9175.666992 0.000000 2790.173584 0.000000 0.586868 0.000000 -0.809683 1.000000 1.000000 1.000000
9179.328125 0.000000 2794.657959 0.000000 0.406535 0.000000 -0.913635 1.000000 1.000000 1.000000
9177.481445 0.000000 2792.006836 0.000000 0.981021 0.000000 0.193900 1.000000 1.000000 1.000000
9181.696289 0.000000 2793.678711 0.000000 0.654541 0.000000 -0.756027 1.000000 1.000000 1.000000
9238.615234 0.000000 2807.634277 0.000000 0.912614 0.000000 0.408822 1.000000 1.000000 1.000000
9243.176758 0.000000 2799.702637 0.000000 0.226368 0.000000 -0.974042 1.000000 1.000000 1.000000
9231.321289 0.000000 2794.909668 0.000000 0.159086 0.000000 -0.987265 1.000000 1.000000 1.000000
9238.581055 0.000000 2802.113037 0.000000 0.480893 0.000000 0.876779 1.000000 1.000000 1.000000
9237.823242 0.000000 2797.409668 0.000000 0.937772 0.000000 -0.347251 1.000000 1.000000 1.000000
9234.542969 0.000000 2790.926270 0.000000 0.693712 0.000000 -0.720253 1.000000 1.000000 1.000000
9235.394531 0.000000 2794.631592 0.000000 0.979947 0.000000 0.199259 1.000000 1.000000 1.000000
9231.734375 0.000000 2802.975586 0.000000 0.985275 0.000000 0.170978 1.000000 1.000000 1.000000
9239.182617 0.000000 2789.553223 0.000000 0.136927 0.000000 -0.990581 1.000000 1.000000 1.000000
9240.092773 0.000000 2799.460449 0.000000 0.732626 0.000000 0.680632 1.000000 1.000000 1.000000
9239.594727 0.000000 2804.867676 0.000000 0.903417 0.000000 -0.428762 1.000000 1.000000 1.000000
9231.936523 0.000000 2792.139404 0.000000 0.038673 0.000000 -0.999252 1.000000 1.000000 1.000000
9241.291992 0.000000 2801.646240 0.000000 0.974606 0.000000 -0.223928 1.000000 1.000000 1.000000
9234.006836 0.000000 2792.983887 0.000000 0.974340 0.000000 0.225083 1.000000 1.000000 1.000000
9233.787109 0.000000 2802.609619 0.000000 0.115374 0.000000 -0.993322 1.000000 1.000000 1.000000
9232.432617 0.000000 2793.522461 0.000000 0.336684 0.000000 0.941618 1.000000 1.000000 1.000000
9338.061523 0.000000 2745.084961 0.000000 0.207317 0.000000 0.978274 1.000000 1.000000 1.000000
9338.854492 0.000000 2722.521484 0.000000 0.766690 0.000000 -0.642017 1.000000 1.000000 1.000000
9367.705078 0.000000 2748.976318 0.000000 0.984654 0.000000 0.174516 1.000000 1.000000 1.000000
9372.375977 0.000000 2765.020020 0.000000 0.936837 0.000000 -0.349767 1.000000 1.000000 1.000000
9345.224609 0.000000 2719.403564 0.000000 0.310779 0.000000 0.950482 1.000000 1.000000 1.000000
9374.028320 0.000000 2750.790771 0.000000 0.846755 0.000000 -0.531984 1.000000 1.000000 1.000000
9336.606445 0.000000 2716.416748 0.000000 0.933178 0.000000 0.359415 1.000000 1.000000 1.000000
9340.833008 0.000000 2718.199219 0.000000 0.793751 0.000000 0.608243 1.000000 1.000000 1.000000
9324.027344 0.000000 2721.067627 0.000000 0.998683 0.000000 -0.051299 1.000000 1.000000 1.000000
9377.263672 0.000000 2748.453857 0.000000 0.994895 0.000000 0.100911 1.000000 1.000000 1.000000
9342.628906 0.000000 2722.227783 0.000000 0.982763 0.000000 0.184869 1.000000 1.000000 1.000000
9323.844727 0.000000 2725.212402 0.000000 0.475633 0.000000 -0.879644 1.000000 1.000000 1.000000
9326.312500 0.000000 2718.147217 0.000000 0.001750 0.000000 0.999998 1.000000 1.000000 1.000000
9333.766602 0.000000 2718.527588 0.000000 0.589629 0.000000 0.807674 1.000000 1.000000 1.000000
9344.270508 0.000000 2716.111328 0.000000 0.677481 0.000000 -0.735540 1.000000 1.000000 1.000000
9377.378906 0.000000 2751.763184 0.000000 0.799297 0.000000 -0.600936 1.000000 1.000000 1.000000
9337.504883 0.000000 2719.580811 0.000000 0.114006 0.000000 -0.993480 1.000000 1.000000 1.000000
9326.825195 0.000000 2720.863281 0.000000 0.030421 0.000000 0.999537 1.000000 1.000000 1.000000
9340.770508 0.000000 2720.664062 0.000000 0.131238 0.000000 0.991351 1.000000 1.000000 1.000000
9322.694336 0.000000 2723.117432 0.000000 0.447394 0.000000 0.894337 1.000000 1.000000 1.000000
9338.817383 0.000000 2717.023438 0.000000 0.108969 0.000000 -0.994045 1.000000 1.000000 1.000000
9324.029297 0.000000 2718.754639 0.000000 0.620686 0.000000 -0.784059 1.000000 1.000000 1.000000
9341.477539 0.000000 2763.550781 0.000000 0.123226 0.000000 -0.992379 1.000000 1.000000 1.000000
9343.614258 0.000000 2762.422607 0.000000 0.389571 0.000000 0.920996 1.000000 1.000000 1.000000
9338.574219 0.000000 2747.207520 0.000000 0.997909 0.000000 -0.064627 1.000000 1.000000 1.000000
9335.995117 0.000000 2718.342041 0.000000 0.305646 0.000000 0.952145 1.000000 1.000000 1.000000
9375.463867 0.000000 2752.541504 0.000000 0.102342 0.000000 0.994749 1.000000 1.000000 1.000000
9406.678711 0.000000 2833.147217 0.000000 0.672726 0.000000 -0.739892 1.000000 1.000000 1.000000
9418.129883 0.000000 2822.412109 0.000000 0.229192 0.000000 -0.973381 1.000000 1.000000 1.000000
9481.961914 0.000000 2855.916016 0.000000 0.589518 0.000000 -0.807755 1.000000 1.000000 1.000000
9467.771484 0.000000 2834.331055 0.000000 0.884804 0.000000 -0.465963 1.000000 1.000000 1.000000
9470.826172 0.000000 2855.391602 0.000000 0.711883 0.000000 0.702298 1.000000 1.000000 1.000000
9485.501953 0.000000 2801.467529 0.000000 0.903375 0.000000 -0.428852 1.000000 1.000000 1.000000
9457.416992 0.000000 2831.699951 0.000000 0.989865 0.000000 0.142009 1.000000 1.000000 1.000000
9466.832031 0.000000 2860.612793 0.000000 0.666062 0.000000 -0.745896 1.000000 1.000000 1.000000
9475.919922 0.000000 2858.206543 0.000000 0.496520 0.000000 0.868025 1.000000 1.000000 1.000000
9404.706055 0.000000 2827.747314 0.000000 0.277472 0.000000 -0.960734 1.000000 1.000000 1.000000
9402.150391 0.000000 2836.352051 0.000000 0.536532 0.000000 -0.843880 1.000000 1.000000 1.000000
9471.938477 0.000000 2861.390625 0.000000 0.737839 0.000000 0.674977 1.000000 1.000000 1.000000
9410.974609 0.000000 2834.950928 0.000000 0.943933 0.000000 -0.330137 1.000000 1.000000 1.000000
9417.027344 0.000000 2790.926270 0.000000 0.095998 0.000000 -0.995382 1.000000 1.000000 1.000000
9455.368164 0.000000 2828.080322 0.000000 0.347940 0.000000 0.937517 1.000000 1.000000 1.000000
9417.878906 0.000000 2794.631592 0.000000 0.643536 0.000000 -0.765416 1.000000 1.000000 1.000000
9417.554688 0.000000 2808.131592 0.000000 0.351291 0.000000 0.936266 1.000000 1.000000 1.000000
9473.698242 0.000000 2841.806885 0.000000 0.280069 0.000000 -0.959980 1.000000 1.000000 1.000000
9469.705078 0.000000 2858.643555 0.000000 0.907622 0.000000 -0.419788 1.000000 1.000000 1.000000
9475.346680 0.000000 2861.829102 0.000000 0.661447 0.000000 -0.749992 1.000000 1.000000 1.000000
9479.400391 0.000000 2858.261719 0.000000 0.923984 0.000000 -0.382431 1.000000 1.000000 1.000000
9483.059570 0.000000 2799.120605 0.000000 0.292951 0.000000 -0.956127 1.000000 1.000000 1.000000
9407.272461 0.000000 2830.059082 0.000000 0.861441 0.000000 0.507858 1.000000 1.000000 1.000000
9409.830078 0.000000 2832.152344 0.000000 0.962729 0.000000 0.270469 1.000000 1.000000 1.000000
9485.077148 0.000000 2855.740479 0.000000 0.927960 0.000000 -0.372680 1.000000 1.000000 1.000000
9413.458984 0.000000 2799.723633 0.000000 0.689190 0.000000 -0.724581 1.000000 1.000000 1.000000
9408.466797 0.000000 2835.199463 0.000000 0.385560 0.000000 0.922683 1.000000 1.000000 1.000000
9409.694336 0.000000 2837.310547 0.000000 0.967108 0.000000 0.254366 1.000000 1.000000 1.000000
9468.994141 0.000000 2860.657471 0.000000 0.616002 0.000000 -0.787745 1.000000 1.000000 1.000000
9483.909180 0.000000 2797.108398 0.000000 0.920440 0.000000 -0.390884 1.000000 1.000000 1.000000
9409.533203 0.000000 2827.251221 0.000000 0.653208 0.000000 -0.757178 1.000000 1.000000 1.000000
9416.271484 0.000000 2802.609619 0.000000 0.866543 0.000000 -0.499102 1.000000 1.000000 1.000000
9471.541992 0.000000 2859.517578 0.000000 0.413384 0.000000 0.910557 1.000000 1.000000 1.000000
9415.133789 0.000000 2804.627441 0.000000 0.734548 0.000000 0.678557 1.000000 1.000000 1.000000
9406.439453 0.000000 2828.351318 0.000000 0.999557 0.000000 -0.029774 1.000000 1.000000 1.000000
9414.923828 0.000000 2801.281982 0.000000 0.994563 0.000000 -0.104133 1.000000 1.000000 1.000000
9408.067383 0.000000 2831.675293 0.000000 0.970150 0.000000 -0.242504 1.000000 1.000000 1.000000
9477.701172 0.000000 2858.910400 0.000000 0.768713 0.000000 -0.639594 1.000000 1.000000 1.000000
9472.928711 0.000000 2840.153809 0.000000 0.983011 0.000000 -0.183548 1.000000 1.000000 1.000000
9412.840820 0.000000 2801.304199 0.000000 0.082400 0.000000 -0.996599 1.000000 1.000000 1.000000
9468.176758 0.000000 2861.895508 0.000000 0.271557 0.000000 0.962422 1.000000 1.000000 1.000000
9416.300781 0.000000 2805.146484 0.000000 0.632274 0.000000 -0.774745 1.000000 1.000000 1.000000
9552.475586 0.000000 2868.132080 0.000000 0.795505 0.000000 0.605947 1.000000 1.000000 1.000000
9492.107422 0.000000 2847.896729 0.000000 0.911719 0.000000 0.410815 1.000000 1.000000 1.000000
9546.000000 0.000000 2866.031494 0.000000 0.318458 0.000000 0.947937 1.000000 1.000000 1.000000
9559.709961 0.000000 2849.898926 0.000000 0.226504 0.000000 0.974010 1.000000 1.000000 1.000000
9552.474609 0.000000 2843.207031 0.000000 0.479085 0.000000 -0.877768 1.000000 1.000000 1.000000
9557.616211 0.000000 2845.205566 0.000000 0.997528 0.000000 -0.070267 1.000000 1.000000 1.000000
9548.477539 0.000000 2869.296143 0.000000 0.203549 0.000000 -0.979065 1.000000 1.000000 1.000000
9557.083008 0.000000 2848.354736 0.000000 0.999708 0.000000 0.024155 1.000000 1.000000 1.000000
9554.621094 0.000000 2845.109131 0.000000 0.319006 0.000000 -0.947753 1.000000 1.000000 1.000000
9495.269531 0.000000 2834.240479 0.000000 0.893120 0.000000 -0.449819 1.000000 1.000000 1.000000
9551.830078 0.000000 2840.620850 0.000000 0.764075 0.000000 0.645127 1.000000 1.000000 1.000000
9555.791992 0.000000 2846.819336 0.000000 0.964928 0.000000 0.262513 1.000000 1.000000 1.000000
9549.056641 0.000000 2837.156494 0.000000 0.851658 0.000000 -0.524098 1.000000 1.000000 1.000000
9580.348633 0.000000 2867.939209 0.000000 0.032290 0.000000 -0.999479 1.000000 1.000000 1.000000
9551.840820 0.000000 2838.427490 0.000000 0.958027 0.000000 0.286679 1.000000 1.000000 1.000000
9613.801758 0.000000 2846.326416 0.000000 0.998964 0.000000 -0.045510 1.000000 1.000000 1.000000
9611.522461 0.000000 2849.833252 0.000000 0.069257 0.000000 -0.997599 1.000000 1.000000 1.000000
9584.764648 0.000000 2870.999512 0.000000 0.272590 0.000000 -0.962130 1.000000 1.000000 1.000000
9581.638672 0.000000 2872.408447 0.000000 0.979966 0.000000 0.199164 1.000000 1.000000 1.000000
9611.015625 0.000000 2847.051514 0.000000 0.914877 0.000000 0.403732 1.000000 1.000000 1.000000
9613.872070 0.000000 2848.886475 0.000000 0.928183 0.000000 0.372124 1.000000 1.000000 1.000000
9582.857422 0.000000 2874.625732 0.000000 0.855864 0.000000 0.517200 1.000000 1.000000 1.000000
9580.455078 0.000000 2865.936523 0.000000 0.937466 0.000000 0.348077 1.000000 1.000000 1.000000
9582.621094 0.000000 2866.116455 0.000000 0.720180 0.000000 -0.693787 1.000000 1.000000 1.000000
9580.864258 0.000000 2867.174072 0.000000 0.144035 0.000000 -0.989573 1.000000 1.000000 1.000000
9543.671875 0.000000 2887.962891 0.000000 0.493564 0.000000 -0.869709 1.000000 1.000000 1.000000
9574.558594 0.000000 2915.827637 0.000000 0.994514 0.000000 0.104608 1.000000 1.000000 1.000000
9570.818359 0.000000 2880.582031 0.000000 0.968446 0.000000 -0.249223 1.000000 1.000000 1.000000
9559.681641 0.000000 2962.923340 0.000000 0.698741 0.000000 0.715375 1.000000 1.000000 1.000000
9577.519531 0.000000 2966.625977 0.000000 0.280487 0.000000 -0.959858 1.000000 1.000000 1.000000
9555.968750 0.000000 2883.566162 0.000000 0.975490 0.000000 -0.220046 1.000000 1.000000 1.000000
9565.726562 0.000000 2883.592285 0.000000 0.425691 0.000000 -0.904869 1.000000 1.000000 1.000000
9577.964844 0.000000 2912.092773 0.000000 0.039481 0.000000 0.999220 1.000000 1.000000 1.000000
9556.185547 0.000000 2890.149658 0.000000 0.768650 0.000000 0.639670 1.000000 1.000000 1.000000
9558.463867 0.000000 2967.112793 0.000000 0.261538 0.000000 0.965193 1.000000 1.000000 1.000000
9579.396484 0.000000 2961.446289 0.000000 0.986658 0.000000 0.162806 1.000000 1.000000 1.000000
9574.618164 0.000000 2964.179932 0.000000 0.229383 0.000000 -0.973336 1.000000 1.000000 1.000000
9559.511719 0.000000 2891.682861 0.000000 0.662948 0.000000 0.748665 1.000000 1.000000 1.000000
9556.632812 0.000000 2964.220703 0.000000 0.828292 0.000000 -0.560297 1.000000 1.000000 1.000000
9576.170898 0.000000 2884.932617 0.000000 0.877067 0.000000 -0.480367 1.000000 1.000000 1.000000
9568.188477 0.000000 2882.006348 0.000000 0.995904 0.000000 0.090416 1.000000 1.000000 1.000000
9555.708008 0.000000 2967.939941 0.000000 0.229007 0.000000 0.973425 1.000000 1.000000 1.000000
9572.323242 0.000000 2965.244141 0.000000 0.235805 0.000000 0.971800 1.000000 1.000000 1.000000
9576.800781 0.000000 2882.351562 0.000000 0.407076 0.000000 -0.913394 1.000000 1.000000 1.000000
9571.523438 0.000000 2882.878418 0.000000 0.650887 0.000000 0.759174 1.000000 1.000000 1.000000
9558.730469 0.000000 2964.860596 0.000000 0.385669 0.000000 -0.922637 1.000000 1.000000 1.000000
9575.358398 0.000000 2966.291016 0.000000 0.845095 0.000000 -0.534616 1.000000 1.000000 1.000000
9554.099609 0.000000 2964.094727 0.000000 0.213805 0.000000 0.976876 1.000000 1.000000 1.000000
9577.067383 0.000000 2961.697021 0.000000 0.116711 0.000000 0.993166 1.000000 1.000000 1.000000
9556.743164 0.000000 2966.191895 0.000000 0.178288 0.000000 0.983978 1.000000 1.000000 1.000000
9571.359375 0.000000 2885.861084 0.000000 0.166978 0.000000 0.985961 1.000000 1.000000 1.000000
9567.797852 0.000000 2884.250977 0.000000 0.068084 0.000000 0.997680 1.000000 1.000000 1.000000
9540.903320 0.000000 2890.460938 0.000000 0.945478 0.000000 0.325686 1.000000 1.000000 1.000000
9569.799805 0.000000 2882.734619 0.000000 0.813087 0.000000 -0.582143 1.000000 1.000000 1.000000
9555.317383 0.000000 2965.302490 0.000000 0.918892 0.000000 0.394508 1.000000 1.000000 1.000000
9568.658203 0.000000 2885.647461 0.000000 0.988380 0.000000 -0.152000 1.000000 1.000000 1.000000
9566.733398 0.000000 2882.470703 0.000000 0.999158 0.000000 -0.041026 1.000000 1.000000 1.000000
9557.991211 0.000000 2965.945068 0.000000 0.968106 0.000000 0.250541 1.000000 1.000000 1.000000
9566.853516 0.000000 2883.582275 0.000000 0.981910 0.000000 0.189346 1.000000 1.000000 1.000000
9589.163086 0.000000 2923.131592 0.000000 0.999161 0.000000 0.040964 1.000000 1.000000 1.000000
9581.899414 0.000000 2957.984863 0.000000 0.978543 0.000000 -0.206043 1.000000 1.000000 1.000000
9581.869141 0.000000 2879.900391 0.000000 0.915022 0.000000 -0.403404 1.000000 1.000000 1.000000
9593.228516 0.000000 2929.477295 0.000000 0.131407 0.000000 0.991329 1.000000 1.000000 1.000000
9603.549805 0.000000 2892.097412 0.000000 0.840529 0.000000 0.541766 1.000000 1.000000 1.000000
9594.442383 0.000000 2933.864990 0.000000 0.999717 0.000000 0.023797 1.000000 1.000000 1.000000
9589.547852 0.000000 2927.359619 0.000000 0.978770 0.000000 0.204961 1.000000 1.000000 1.000000
9580.880859 0.000000 2884.052246 0.000000 0.512764 0.000000 0.858530 1.000000 1.000000 1.000000
9590.862305 0.000000 2932.544189 0.000000 0.881254 0.000000 0.472643 1.000000 1.000000 1.000000
9585.150391 0.000000 2881.493896 0.000000 0.404138 0.000000 -0.914698 1.000000 1.000000 1.000000
9587.423828 0.000000 2887.205566 0.000000 0.924757 0.000000 0.380557 1.000000 1.000000 1.000000
9587.802734 0.000000 2883.797607 0.000000 0.682879 0.000000 -0.730532 1.000000 1.000000 1.000000
9595.369141 0.000000 2964.177490 0.000000 0.101477 0.000000 -0.994838 1.000000 1.000000 1.000000
9585.207031 0.000000 2957.945068 0.000000 0.998711 0.000000 -0.050757 1.000000 1.000000 1.000000
9580.481445 0.000000 2960.115723 0.000000 0.961888 0.000000 0.273442 1.000000 1.000000 1.000000
9590.951172 0.000000 2925.183838 0.000000 0.633976 0.000000 0.773353 1.000000 1.000000 1.000000
9595.958008 0.000000 2935.885498 0.000000 0.424829 0.000000 -0.905274 1.000000 1.000000 1.000000
9592.159180 0.000000 2934.705078 0.000000 0.548018 0.000000 -0.836467 1.000000 1.000000 1.000000
9582.621094 0.000000 2956.100830 0.000000 0.969845 0.000000 -0.243722 1.000000 1.000000 1.000000
9585.782227 0.000000 2883.426025 0.000000 0.712017 0.000000 0.702163 1.000000 1.000000 1.000000
9586.725586 0.000000 2885.414795 0.000000 0.028480 0.000000 0.999594 1.000000 1.000000 1.000000
9585.565430 0.000000 2886.933594 0.000000 0.799816 0.000000 0.600246 1.000000 1.000000 1.000000
9583.595703 0.000000 2958.763184 0.000000 0.259134 0.000000 -0.965841 1.000000 1.000000 1.000000
9584.954102 0.000000 2956.338867 0.000000 0.066386 0.000000 0.997794 1.000000 1.000000 1.000000
9600.614258 0.000000 3002.380859 0.000000 0.913502 0.000000 0.406834 1.000000 1.000000 1.000000
9633.449219 0.000000 3024.650635 0.000000 0.071849 0.000000 0.997416 1.000000 1.000000 1.000000
9581.499023 0.000000 2980.093994 0.000000 0.986176 0.000000 -0.165701 1.000000 1.000000 1.000000
9608.664062 0.000000 3025.692383 0.000000 0.308377 0.000000 0.951264 1.000000 1.000000 1.000000
9608.145508 0.000000 2979.671387 0.000000 0.751164 0.000000 0.660115 1.000000 1.000000 1.000000
9660.814453 0.000000 3043.510254 0.000000 0.754313 0.000000 0.656516 1.000000 1.000000 1.000000
9609.885742 0.000000 3033.499268 0.000000 0.877794 0.000000 0.479037 1.000000 1.000000 1.000000
9618.951172 0.000000 2989.356689 0.000000 0.924936 0.000000 -0.380123 1.000000 1.000000 1.000000
9617.847656 0.000000 2995.699219 0.000000 0.642137 0.000000 0.766590 1.000000 1.000000 1.000000
9615.414062 0.000000 2976.505371 0.000000 0.675448 0.000000 0.737408 1.000000 1.000000 1.000000
9588.855469 0.000000 2990.772461 0.000000 0.920108 0.000000 0.391665 1.000000 1.000000 1.000000
9596.833008 0.000000 3006.350342 0.000000 0.772255 0.000000 -0.635313 1.000000 1.000000 1.000000
9597.753906 0.000000 2991.020752 0.000000 0.516681 0.000000 0.856178 1.000000 1.000000 1.000000
9606.853516 0.000000 2975.442383 0.000000 0.277768 0.000000 0.960648 1.000000 1.000000 1.000000
9656.958984 0.000000 3045.300781 0.000000 0.136597 0.000000 -0.990627 1.000000 1.000000 1.000000
9586.250977 0.000000 2993.895020 0.000000 0.277039 0.000000 0.960859 1.000000 1.000000 1.000000
9621.631836 0.000000 2997.197998 0.000000 0.235340 0.000000 -0.971913 1.000000 1.000000 1.000000
9659.935547 0.000000 3046.625977 0.000000 0.407098 0.000000 -0.913385 1.000000 1.000000 1.000000
9614.837891 0.000000 3058.164062 0.000000 0.252880 0.000000 -0.967498 1.000000 1.000000 1.000000
9599.897461 0.000000 3005.395752 0.000000 0.998633 0.000000 0.052261 1.000000 1.000000 1.000000
9636.514648 0.000000 3024.415039 0.000000 0.697797 0.000000 0.716296 1.000000 1.000000 1.000000
9617.726562 0.000000 3058.017090 0.000000 0.689275 0.000000 -0.724499 1.000000 1.000000 1.000000
9598.996094 0.000000 2993.141602 0.000000 0.610480 0.000000 -0.792032 1.000000 1.000000 1.000000
9596.420898 0.000000 2993.070557 0.000000 0.932023 0.000000 -0.362400 1.000000 1.000000 1.000000
9644.112305 0.000000 3050.248291 0.000000 0.754380 0.000000 0.656438 1.000000 1.000000 1.000000
9646.944336 0.000000 3050.768066 0.000000 0.985744 0.000000 -0.168250 1.000000 1.000000 1.000000
9599.302734 0.000000 3007.148926 0.000000 0.064585 0.000000 -0.997912 1.000000 1.000000 1.000000
9599.639648 0.000000 2994.779785 0.000000 0.970771 0.000000 0.240008 1.000000 1.000000 1.000000
9617.089844 0.000000 3059.263672 0.000000 0.626811 0.000000 -0.779172 1.000000 1.000000 1.000000
9617.157227 0.000000 3060.416260 0.000000 0.852032 0.000000 0.523490 1.000000 1.000000 1.000000
9645.281250 0.000000 3117.856689 0.000000 0.958510 0.000000 0.285060 1.000000 1.000000 1.000000
9650.255859 0.000000 3104.284180 0.000000 0.095640 0.000000 -0.995416 1.000000 1.000000 1.000000
9622.094727 0.000000 3140.137207 0.000000 0.601996 0.000000 0.798499 1.000000 1.000000 1.000000
9638.763672 0.000000 3094.288574 0.000000 0.382201 0.000000 -0.924079 1.000000 1.000000 1.000000
9641.431641 0.000000 3108.913818 0.000000 0.934552 0.000000 0.355826 1.000000 1.000000 1.000000
9645.685547 0.000000 3082.471436 0.000000 0.723674 0.000000 0.690143 1.000000 1.000000 1.000000
9639.901367 0.000000 3101.653076 0.000000 0.325879 0.000000 -0.945412 1.000000 1.000000 1.000000
9649.316406 0.000000 3130.565918 0.000000 0.433288 0.000000 -0.901255 1.000000 1.000000 1.000000
9647.754883 0.000000 3110.728271 0.000000 0.968615 0.000000 0.248564 1.000000 1.000000 1.000000
9617.847656 0.000000 3085.683594 0.000000 0.655754 0.000000 0.754974 1.000000 1.000000 1.000000
9655.167969 0.000000 3108.335449 0.000000 0.488370 0.000000 0.872636 1.000000 1.000000 1.000000
9628.122070 0.000000 3099.696045 0.000000 0.292851 0.000000 -0.956158 1.000000 1.000000 1.000000
9641.666992 0.000000 3084.166992 0.000000 0.874221 0.000000 -0.485529 1.000000 1.000000 1.000000
9645.082031 0.000000 3128.999023 0.000000 0.274038 0.000000 -0.961719 1.000000 1.000000 1.000000
9649.786133 0.000000 3123.620117 0.000000 0.580986 0.000000 0.813914 1.000000 1.000000 1.000000
9616.355469 0.000000 3082.165283 0.000000 0.943368 0.000000 0.331747 1.000000 1.000000 1.000000
9654.202148 0.000000 3121.748535 0.000000 0.408549 0.000000 0.912737 1.000000 1.000000 1.000000
9646.780273 0.000000 3121.243652 0.000000 0.261386 0.000000 0.965234 1.000000 1.000000 1.000000
9656.387695 0.000000 3105.081299 0.000000 0.956989 0.000000 0.290124 1.000000 1.000000 1.000000
9644.673828 0.000000 3108.869873 0.000000 0.501017 0.000000 -0.865438 1.000000 1.000000 1.000000
9653.212891 0.000000 3097.969971 0.000000 0.632067 0.000000 -0.774913 1.000000 1.000000 1.000000
9648.325195 0.000000 3118.307861 0.000000 0.056207 0.000000 -0.998419 1.000000 1.000000 1.000000
9627.927734 0.000000 3107.748779 0.000000 0.793804 0.000000 -0.608173 1.000000 1.000000 1.000000
9629.253906 0.000000 3102.420410 0.000000 0.906236 0.000000 -0.422773 1.000000 1.000000 1.000000
9646.736328 0.000000 3131.121094 0.000000 0.910615 0.000000 -0.413256 1.000000 1.000000 1.000000
9657.610352 0.000000 3107.287109 0.000000 0.557599 0.000000 0.830111 1.000000 1.000000 1.000000
9645.333008 0.000000 3111.256836 0.000000 0.961899 0.000000 0.273406 1.000000 1.000000 1.000000
9619.377930 0.000000 3061.664307 0.000000 0.857038 0.000000 -0.515253 1.000000 1.000000 1.000000
9616.634766 0.000000 3063.226074 0.000000 0.987802 0.000000 0.155713 1.000000 1.000000 1.000000
9638.008789 0.000000 3100.319580 0.000000 0.262310 0.000000 0.964984 1.000000 1.000000 1.000000
9649.136719 0.000000 3121.246094 0.000000 0.130191 0.000000 -0.991489 1.000000 1.000000 1.000000
9615.053711 0.000000 3061.049072 0.000000 0.803603 0.000000 0.595165 1.000000 1.000000 1.000000
9648.825195 0.000000 3108.812500 0.000000 0.995655 0.000000 0.093122 1.000000 1.000000 1.000000
9646.631836 0.000000 3119.212891 0.000000 0.784245 0.000000 -0.620451 1.000000 1.000000 1.000000
9628.963867 0.000000 3105.975586 0.000000 0.229058 0.000000 0.973413 1.000000 1.000000 1.000000
9615.704102 0.000000 3059.521240 0.000000 0.121917 0.000000 -0.992540 1.000000 1.000000 1.000000
9617.733398 0.000000 3061.971924 0.000000 0.296516 0.000000 -0.955028 1.000000 1.000000 1.000000
9616.327148 0.000000 3061.684326 0.000000 0.634274 0.000000 -0.773108 1.000000 1.000000 1.000000
9643.717773 0.000000 3318.053955 0.000000 0.271516 0.000000 0.962434 1.000000 1.000000 1.000000
9668.761719 0.000000 3326.563477 0.000000 0.997836 0.000000 -0.065752 1.000000 1.000000 1.000000
9662.975586 0.000000 3327.656250 0.000000 0.469648 0.000000 0.882854 1.000000 1.000000 1.000000
9662.211914 0.000000 3322.885254 0.000000 0.289957 0.000000 -0.957040 1.000000 1.000000 1.000000
9665.860352 0.000000 3324.117432 0.000000 0.259242 0.000000 -0.965812 1.000000 1.000000 1.000000
9665.892578 0.000000 3322.083008 0.000000 0.387938 0.000000 0.921686 1.000000 1.000000 1.000000
9664.096680 0.000000 3323.305176 0.000000 0.942377 0.000000 0.334553 1.000000 1.000000 1.000000
9670.291992 0.000000 3334.016113 0.000000 0.994465 0.000000 -0.105070 1.000000 1.000000 1.000000
9668.928711 0.000000 3369.970947 0.000000 0.998622 0.000000 0.052479 1.000000 1.000000 1.000000
9767.722656 0.000000 3324.801514 0.000000 0.861007 0.000000 -0.508594 1.000000 1.000000 1.000000
9771.978516 0.000000 3328.114746 0.000000 0.476115 0.000000 0.879383 1.000000 1.000000 1.000000
9769.498047 0.000000 3326.682861 0.000000 0.803896 0.000000 -0.594770 1.000000 1.000000 1.000000
9768.026367 0.000000 3326.292725 0.000000 0.011958 0.000000 -0.999928 1.000000 1.000000 1.000000
9680.405273 0.000000 3373.053467 0.000000 0.975882 0.000000 -0.218297 1.000000 1.000000 1.000000
9672.337891 0.000000 3371.971191 0.000000 0.981248 0.000000 -0.192749 1.000000 1.000000 1.000000
9688.075195 0.000000 3366.287842 0.000000 0.918569 0.000000 -0.395260 1.000000 1.000000 1.000000
9684.023438 0.000000 3369.121338 0.000000 0.214672 0.000000 0.976686 1.000000 1.000000 1.000000
9678.718750 0.000000 3362.661377 0.000000 0.289083 0.000000 -0.957304 1.000000 1.000000 1.000000
9671.855469 0.000000 3367.656006 0.000000 0.555161 0.000000 0.831743 1.000000 1.000000 1.000000
9693.001953 0.000000 3359.890137 0.000000 0.031906 0.000000 -0.999491 1.000000 1.000000 1.000000
9692.166992 0.000000 3356.061279 0.000000 0.013248 0.000000 0.999912 1.000000 1.000000 1.000000
9692.699219 0.000000 3358.254395 0.000000 0.818389 0.000000 -0.574665 1.000000 1.000000 1.000000
9773.146484 0.000000 3336.063965 0.000000 0.278770 0.000000 -0.960358 1.000000 1.000000 1.000000
9764.353516 0.000000 3329.822266 0.000000 0.794273 0.000000 -0.607560 1.000000 1.000000 1.000000
9771.139648 0.000000 3330.597168 0.000000 0.848380 0.000000 -0.529388 1.000000 1.000000 1.000000
9775.195312 0.000000 3332.487549 0.000000 0.127334 0.000000 0.991860 1.000000 1.000000 1.000000
9772.635742 0.000000 3332.773682 0.000000 0.341498 0.000000 -0.939882 1.000000 1.000000 1.000000
9768.979492 0.000000 3329.607422 0.000000 0.582824 0.000000 0.812599 1.000000 1.000000 1.000000
9769.590820 0.000000 3331.782227 0.000000 0.872390 0.000000 0.488810 1.000000 1.000000 1.000000
"}
