object={
	name="tree_sakura_02_generator_0"
	render_pass=Map
	clamp_to_water_level=no
	generated_content=yes
	layer="tree_high_layer"
	pdxmesh="tree_sakura_02_mesh"
	count=68
	transform="9040.415039 0.000000 2491.829102 0.000000 0.441607 0.000000 -0.897209 1.000000 1.000000 1.000000
9039.736328 0.000000 2488.028564 0.000000 0.099056 0.000000 0.995082 1.000000 1.000000 1.000000
9072.549805 0.000000 2595.349609 0.000000 0.893346 0.000000 0.449370 1.000000 1.000000 1.000000
9072.238281 0.000000 2588.008789 0.000000 0.994710 0.000000 -0.102725 1.000000 1.000000 1.000000
9072.326172 0.000000 2591.658447 0.000000 0.188799 0.000000 0.982016 1.000000 1.000000 1.000000
9070.124023 0.000000 2596.244141 0.000000 0.518329 0.000000 0.855182 1.000000 1.000000 1.000000
9070.108398 0.000000 2591.760986 0.000000 0.843685 0.000000 -0.536839 1.000000 1.000000 1.000000
9046.810547 0.000000 2686.038086 0.000000 0.443410 0.000000 -0.896319 1.000000 1.000000 1.000000
9055.338867 0.000000 2617.440918 0.000000 0.945214 0.000000 -0.326450 1.000000 1.000000 1.000000
9086.651367 0.000000 2643.309326 0.000000 0.920620 0.000000 -0.390459 1.000000 1.000000 1.000000
9048.160156 0.000000 2682.387695 0.000000 0.942453 0.000000 -0.334339 1.000000 1.000000 1.000000
9088.562500 0.000000 2645.660400 0.000000 0.997762 0.000000 0.066866 1.000000 1.000000 1.000000
9049.697266 0.000000 2683.406250 0.000000 0.973957 0.000000 -0.226733 1.000000 1.000000 1.000000
9188.718750 0.000000 2696.278076 0.000000 0.997358 0.000000 0.072646 1.000000 1.000000 1.000000
9170.992188 0.000000 2695.857666 0.000000 0.563825 0.000000 -0.825895 1.000000 1.000000 1.000000
9163.791992 0.000000 2685.333984 0.000000 0.837202 0.000000 -0.546893 1.000000 1.000000 1.000000
9169.308594 0.000000 2672.661621 0.000000 0.167375 0.000000 0.985893 1.000000 1.000000 1.000000
9168.530273 0.000000 2677.025146 0.000000 0.909911 0.000000 -0.414804 1.000000 1.000000 1.000000
9169.366211 0.000000 2692.262939 0.000000 0.217035 0.000000 0.976164 1.000000 1.000000 1.000000
9175.272461 0.000000 2690.705811 0.000000 0.395380 0.000000 -0.918518 1.000000 1.000000 1.000000
9170.843750 0.000000 2674.634521 0.000000 0.961410 0.000000 0.275119 1.000000 1.000000 1.000000
9188.521484 0.000000 2698.803955 0.000000 0.761798 0.000000 -0.647815 1.000000 1.000000 1.000000
9186.290039 0.000000 2699.635254 0.000000 0.464479 0.000000 -0.885584 1.000000 1.000000 1.000000
9191.791992 0.000000 2699.560059 0.000000 0.992830 0.000000 0.119533 1.000000 1.000000 1.000000
9189.062500 0.000000 2700.437012 0.000000 0.833172 0.000000 0.553015 1.000000 1.000000 1.000000
9269.631836 0.000000 2782.459229 0.000000 0.337566 0.000000 -0.941302 1.000000 1.000000 1.000000
9241.702148 0.000000 2727.600098 0.000000 0.231518 0.000000 0.972831 1.000000 1.000000 1.000000
9237.969727 0.000000 2727.574951 0.000000 0.911037 0.000000 -0.412325 1.000000 1.000000 1.000000
9238.793945 0.000000 2792.582031 0.000000 0.982518 0.000000 0.186165 1.000000 1.000000 1.000000
9236.194336 0.000000 2799.354980 0.000000 0.992109 0.000000 -0.125379 1.000000 1.000000 1.000000
9238.106445 0.000000 2800.182861 0.000000 0.960794 0.000000 -0.277265 1.000000 1.000000 1.000000
9329.857422 0.000000 2717.649902 0.000000 0.330169 0.000000 -0.943922 1.000000 1.000000 1.000000
9344.121094 0.000000 2725.746094 0.000000 0.926111 0.000000 0.377250 1.000000 1.000000 1.000000
9365.818359 0.000000 2755.591064 0.000000 0.102583 0.000000 0.994724 1.000000 1.000000 1.000000
9346.410156 0.000000 2722.907471 0.000000 0.898587 0.000000 -0.438796 1.000000 1.000000 1.000000
9320.948242 0.000000 2726.544922 0.000000 0.495234 0.000000 -0.868759 1.000000 1.000000 1.000000
9369.380859 0.000000 2756.046143 0.000000 0.412177 0.000000 -0.911104 1.000000 1.000000 1.000000
9335.817383 0.000000 2721.685303 0.000000 0.165043 0.000000 -0.986286 1.000000 1.000000 1.000000
9329.512695 0.000000 2723.147217 0.000000 0.931757 0.000000 0.363082 1.000000 1.000000 1.000000
9367.545898 0.000000 2756.636475 0.000000 0.670255 0.000000 -0.742131 1.000000 1.000000 1.000000
9326.598633 0.000000 2722.491943 0.000000 0.923411 0.000000 -0.383813 1.000000 1.000000 1.000000
9462.796875 0.000000 2847.903564 0.000000 0.788503 0.000000 -0.615031 1.000000 1.000000 1.000000
9465.270508 0.000000 2840.775146 0.000000 0.998958 0.000000 0.045644 1.000000 1.000000 1.000000
9487.541992 0.000000 2807.133545 0.000000 0.576754 0.000000 0.816918 1.000000 1.000000 1.000000
9486.422852 0.000000 2853.199219 0.000000 0.366532 0.000000 0.930405 1.000000 1.000000 1.000000
9487.333984 0.000000 2803.923096 0.000000 0.861142 0.000000 -0.508365 1.000000 1.000000 1.000000
9464.859375 0.000000 2843.236084 0.000000 0.959767 0.000000 0.280799 1.000000 1.000000 1.000000
9413.936523 0.000000 2813.101807 0.000000 0.737293 0.000000 -0.675573 1.000000 1.000000 1.000000
9415.955078 0.000000 2806.401367 0.000000 0.170653 0.000000 0.985331 1.000000 1.000000 1.000000
9486.102539 0.000000 2805.348389 0.000000 0.624422 0.000000 0.781087 1.000000 1.000000 1.000000
9489.618164 0.000000 2855.057129 0.000000 0.107411 0.000000 -0.994215 1.000000 1.000000 1.000000
9579.644531 0.000000 2873.648193 0.000000 0.949094 0.000000 0.314994 1.000000 1.000000 1.000000
9581.899414 0.000000 2868.000488 0.000000 0.523859 0.000000 -0.851805 1.000000 1.000000 1.000000
9587.230469 0.000000 2931.298096 0.000000 0.966676 0.000000 0.256002 1.000000 1.000000 1.000000
9608.886719 0.000000 2957.167480 0.000000 0.006903 0.000000 0.999976 1.000000 1.000000 1.000000
9585.654297 0.000000 2946.046631 0.000000 0.007631 0.000000 -0.999971 1.000000 1.000000 1.000000
9604.765625 0.000000 2957.027344 0.000000 0.499686 0.000000 0.866207 1.000000 1.000000 1.000000
9589.673828 0.000000 2930.105957 0.000000 0.608859 0.000000 0.793278 1.000000 1.000000 1.000000
9588.058594 0.000000 2927.280273 0.000000 0.175627 0.000000 -0.984457 1.000000 1.000000 1.000000
9594.008789 0.000000 2993.568848 0.000000 0.323789 0.000000 0.946129 1.000000 1.000000 1.000000
9657.469727 0.000000 3055.851807 0.000000 0.677010 0.000000 0.735974 1.000000 1.000000 1.000000
9650.923828 0.000000 3052.907715 0.000000 0.986127 0.000000 -0.165994 1.000000 1.000000 1.000000
9597.571289 0.000000 2995.165527 0.000000 0.993068 0.000000 0.117543 1.000000 1.000000 1.000000
9595.522461 0.000000 2994.778809 0.000000 0.469928 0.000000 -0.882705 1.000000 1.000000 1.000000
9612.347656 0.000000 3143.347412 0.000000 0.116049 0.000000 -0.993244 1.000000 1.000000 1.000000
9685.250977 0.000000 3353.506348 0.000000 0.662040 0.000000 -0.749469 1.000000 1.000000 1.000000
9688.996094 0.000000 3350.958252 0.000000 0.645734 0.000000 0.763562 1.000000 1.000000 1.000000
9686.204102 0.000000 3351.155762 0.000000 0.121420 0.000000 0.992601 1.000000 1.000000 1.000000
"}
