object={
	name="elephant"
	render_pass=Map
	clamp_to_water_level=yes
	generated_content=no
	layer="unit_layer"
	entity="elephant_entity"
	count=30
	transform="6469.242676 0.000000 1955.753540 0.000000 0.415068 0.000000 -0.909790 0.457417 0.457417 0.457417
6180.860352 0.000000 1121.875366 0.000000 -0.505968 0.000000 0.862552 0.457417 0.457417 0.457417
5799.451660 0.000000 1705.840576 0.000000 -0.270970 0.000000 0.962587 0.457417 0.457417 0.457417
5851.891602 0.000000 1392.166870 0.000000 0.524612 0.000000 0.851341 0.457417 0.457417 0.457417
5985.314453 0.000000 1206.545654 0.000000 -0.791721 0.000000 0.610882 0.457417 0.457417 0.457417
5992.346191 0.000000 1320.711060 0.000000 0.125717 0.000000 0.992066 0.457417 0.457417 0.457417
6016.417969 0.000000 1540.472168 0.000000 -0.757585 0.000000 0.652736 0.457417 0.457417 0.457417
6225.308594 0.000000 1700.807373 0.000000 0.050833 0.000000 0.998707 0.457417 0.457417 0.457417
6380.977051 0.000000 1885.332153 0.000000 0.929266 0.000000 -0.369410 0.457417 0.457417 0.457417
6349.692871 0.000000 2307.140869 0.000000 0.788236 0.000000 -0.615373 0.457417 0.457417 0.457417
5665.983887 0.000000 2708.447266 0.000000 -0.555945 0.000000 -0.831219 0.457417 0.457417 0.457417
5895.124023 0.000000 2499.384521 0.000000 -0.098981 0.000000 -0.995089 0.457417 0.457417 0.457417
5451.040039 0.000000 2157.403320 0.000000 -0.801446 0.000000 -0.598067 0.457417 0.457417 0.457417
5932.746582 0.000000 2168.921875 0.000000 0.269140 0.000000 -0.963101 0.457417 0.457417 0.457417
6098.443359 0.000000 1941.418823 0.000000 0.683941 0.000000 -0.729537 0.457417 0.457417 0.457417
6434.060547 0.000000 2035.046631 0.000000 -0.562674 0.000000 -0.826679 0.457417 0.457417 0.457417
7047.272461 0.000000 977.916565 0.000000 0.826769 0.000000 0.562541 0.457417 0.457417 0.457417
7480.953613 0.000000 797.587891 0.000000 -0.632992 0.000000 0.774158 0.457417 0.457417 0.457417
7530.151367 0.000000 481.499512 0.000000 0.467556 0.000000 0.883963 0.457417 0.457417 0.457417
7220.926270 0.000000 1319.952637 0.000000 0.658546 0.000000 0.752540 0.457417 0.457417 0.457417
7393.693359 0.000000 991.488098 0.000000 0.924920 0.000000 -0.380161 0.457417 0.457417 0.457417
7708.500000 0.000000 1481.870605 -0.000000 -0.032855 0.000000 0.999460 0.457417 0.457417 0.457417
7555.919434 0.000000 1329.275024 0.000000 0.543724 0.000000 -0.839264 0.457417 0.457417 0.457417
7575.242188 0.000000 1654.167358 0.000000 -0.457943 0.000000 -0.888982 0.457417 0.457417 0.457417
8300.283203 0.000000 969.209839 0.000000 0.204852 0.000000 -0.978792 0.457417 0.457417 0.457417
7269.459961 0.000000 1577.356567 0.000000 0.788198 0.000000 -0.615421 0.457417 0.457417 0.457417
7064.915527 0.000000 1840.506836 0.000000 -0.828487 0.000000 -0.560008 0.457417 0.457417 0.457417
7061.547363 0.000000 2238.695557 0.000000 0.175457 0.000000 -0.984487 0.457417 0.457417 0.457417
6855.456055 0.000000 1998.489014 0.000000 -0.280332 0.000000 -0.959903 0.457417 0.457417 0.457417
6692.781738 0.000000 2177.109619 0.000000 0.617553 0.000000 -0.786529 0.457417 0.457417 0.457417
"}
object={
	name="horse_a_galloping"
	render_pass=Map
	clamp_to_water_level=no
	generated_content=no
	layer="unit_layer"
	entity="unit_horse_01_a_galloping_entity"
	count=31
	transform="5105.326172 0.000000 3865.527100 0.000000 -0.732974 0.000000 -0.680257 1.000000 1.000000 1.000000
4669.981445 0.000000 4060.758789 0.000000 -0.801086 0.000000 0.598549 1.000000 1.000000 1.000000
5130.007324 0.000000 3872.381104 0.000000 -0.771242 0.000000 -0.636543 1.000000 1.000000 1.000000
5687.931641 0.000000 3986.070312 0.000000 -0.000497 0.000000 -1.000000 1.000000 1.000000 1.000000
3655.250732 0.000000 3675.716064 0.000000 0.202030 0.000000 0.979379 1.000000 1.000000 1.000000
6096.624023 0.000000 3517.804688 0.000000 0.678103 0.000000 0.734967 1.000000 1.000000 1.000000
6029.396484 0.000000 4048.533447 0.000000 0.500601 0.000000 0.865678 1.000000 1.000000 1.000000
6026.225586 0.000000 4053.133057 0.000000 0.498220 0.000000 0.867050 1.000000 1.000000 1.000000
0.000000 0.000000 0.000000 0.000000 0.000000 0.000000 1.000000 1.000000 1.000000 1.000000
0.000000 0.000000 0.000000 0.000000 0.000000 0.000000 1.000000 1.000000 1.000000 1.000000
0.000000 0.000000 0.000000 0.000000 0.000000 0.000000 1.000000 1.000000 1.000000 1.000000
0.000000 0.000000 0.000000 0.000000 0.000000 0.000000 1.000000 1.000000 1.000000 1.000000
0.000000 0.000000 0.000000 0.000000 0.000000 0.000000 1.000000 1.000000 1.000000 1.000000
0.000000 0.000000 0.000000 0.000000 0.000000 0.000000 1.000000 1.000000 1.000000 1.000000
0.000000 0.000000 0.000000 0.000000 0.000000 0.000000 1.000000 1.000000 1.000000 1.000000
0.000000 0.000000 0.000000 0.000000 0.000000 0.000000 1.000000 1.000000 1.000000 1.000000
0.000000 0.000000 0.000000 0.000000 0.000000 0.000000 1.000000 1.000000 1.000000 1.000000
0.000000 0.000000 0.000000 0.000000 0.000000 0.000000 1.000000 1.000000 1.000000 1.000000
0.000000 0.000000 0.000000 0.000000 0.000000 0.000000 1.000000 1.000000 1.000000 1.000000
0.000000 0.000000 0.000000 0.000000 0.000000 0.000000 1.000000 1.000000 1.000000 1.000000
0.000000 0.000000 0.000000 0.000000 0.000000 0.000000 1.000000 1.000000 1.000000 1.000000
0.000000 0.000000 0.000000 0.000000 0.000000 0.000000 1.000000 1.000000 1.000000 1.000000
0.000000 0.000000 0.000000 0.000000 0.000000 0.000000 1.000000 1.000000 1.000000 1.000000
0.000000 0.000000 0.000000 0.000000 0.000000 0.000000 1.000000 1.000000 1.000000 1.000000
0.000000 0.000000 0.000000 0.000000 0.000000 0.000000 1.000000 1.000000 1.000000 1.000000
0.000000 0.000000 0.000000 0.000000 0.000000 0.000000 1.000000 1.000000 1.000000 1.000000
0.000000 0.000000 0.000000 0.000000 0.000000 0.000000 1.000000 1.000000 1.000000 1.000000
0.000000 0.000000 0.000000 0.000000 0.000000 0.000000 1.000000 1.000000 1.000000 1.000000
0.000000 0.000000 0.000000 0.000000 0.000000 0.000000 1.000000 1.000000 1.000000 1.000000
0.000000 0.000000 0.000000 0.000000 0.000000 0.000000 1.000000 1.000000 1.000000 1.000000
7804.109375 0.000000 3099.409180 0.000000 0.000000 0.000000 1.000000 1.000000 1.000000 1.000000
"}
object={
	name="horse_a_grazing"
	render_pass=Map
	clamp_to_water_level=no
	generated_content=no
	layer="unit_layer"
	entity="unit_horse_01_a_eating_grass_entity"
	count=61
	transform="5158.563965 0.000000 3827.132080 0.000000 0.013061 0.000000 0.999915 1.000000 1.000000 1.000000
4047.919189 0.000000 3833.657227 0.000000 -0.863180 0.000000 0.504896 1.249683 1.249683 1.249683
4748.181152 0.000000 3696.159424 0.000000 -0.486880 0.000000 0.873469 1.000000 1.000000 1.000000
5382.498535 0.000000 3992.262451 0.000000 -0.888579 0.000000 0.458723 1.000000 1.000000 1.000000
5586.605469 0.000000 3886.892578 0.000000 0.152410 0.000000 -0.988317 1.000000 1.000000 1.000000
5975.161133 0.000000 3726.021484 0.000000 -0.518664 0.000000 0.854978 1.000000 1.000000 1.000000
6129.929688 0.000000 3575.259277 0.000000 0.711025 0.000000 0.703167 1.000000 1.000000 1.000000
5911.637207 0.000000 4019.706543 0.000000 0.461654 0.000000 0.887060 1.000000 1.000000 1.000000
5730.304199 0.000000 3875.934814 0.000000 0.713723 0.000000 0.700428 1.000000 1.000000 1.000000
227.926636 0.000000 5075.868652 0.000000 0.474368 0.000000 0.880327 0.905988 0.905988 0.905988
1563.508545 0.000000 4020.673096 0.000000 -0.669636 0.000000 0.742689 1.000000 1.000000 1.000000
2343.636719 0.000000 2942.171387 0.000000 0.862487 0.000000 0.506079 1.000000 1.000000 1.000000
3758.573730 0.000000 1212.213501 0.000000 -0.495551 0.000000 -0.868579 1.000000 1.000000 1.000000
3790.418457 0.000000 2939.323242 0.000000 -0.988410 0.000000 0.151806 1.000000 1.000000 1.000000
2807.926514 0.000000 4524.279785 0.000000 0.872656 0.000000 -0.488336 1.000000 1.000000 1.000000
0.000000 0.000000 0.000000 0.000000 0.000000 0.000000 1.000000 1.000000 1.000000 1.000000
0.000000 0.000000 0.000000 0.000000 0.000000 0.000000 1.000000 1.000000 1.000000 1.000000
0.000000 0.000000 0.000000 0.000000 0.000000 0.000000 1.000000 1.000000 1.000000 1.000000
0.000000 0.000000 0.000000 0.000000 0.000000 0.000000 1.000000 1.000000 1.000000 1.000000
0.000000 0.000000 0.000000 0.000000 0.000000 0.000000 1.000000 1.000000 1.000000 1.000000
0.000000 0.000000 0.000000 0.000000 0.000000 0.000000 1.000000 1.000000 1.000000 1.000000
0.000000 0.000000 0.000000 0.000000 0.000000 0.000000 1.000000 1.000000 1.000000 1.000000
0.000000 0.000000 0.000000 0.000000 0.000000 0.000000 1.000000 1.000000 1.000000 1.000000
0.000000 0.000000 0.000000 0.000000 0.000000 0.000000 1.000000 1.000000 1.000000 1.000000
0.000000 0.000000 0.000000 0.000000 0.000000 0.000000 1.000000 1.000000 1.000000 1.000000
0.000000 0.000000 0.000000 0.000000 0.000000 0.000000 1.000000 1.000000 1.000000 1.000000
0.000000 0.000000 0.000000 0.000000 0.000000 0.000000 1.000000 1.000000 1.000000 1.000000
0.000000 0.000000 0.000000 0.000000 0.000000 0.000000 1.000000 1.000000 1.000000 1.000000
0.000000 0.000000 0.000000 0.000000 0.000000 0.000000 1.000000 1.000000 1.000000 1.000000
0.000000 0.000000 0.000000 0.000000 0.000000 0.000000 1.000000 1.000000 1.000000 1.000000
0.000000 0.000000 0.000000 0.000000 0.000000 0.000000 1.000000 1.000000 1.000000 1.000000
0.000000 0.000000 0.000000 0.000000 0.000000 0.000000 1.000000 1.000000 1.000000 1.000000
0.000000 0.000000 0.000000 0.000000 0.000000 0.000000 1.000000 1.000000 1.000000 1.000000
0.000000 0.000000 0.000000 0.000000 0.000000 0.000000 1.000000 1.000000 1.000000 1.000000
0.000000 0.000000 0.000000 0.000000 0.000000 0.000000 1.000000 1.000000 1.000000 1.000000
0.000000 0.000000 0.000000 0.000000 0.000000 0.000000 1.000000 1.000000 1.000000 1.000000
0.000000 0.000000 0.000000 0.000000 0.000000 0.000000 1.000000 1.000000 1.000000 1.000000
0.000000 0.000000 0.000000 0.000000 0.000000 0.000000 1.000000 1.000000 1.000000 1.000000
0.000000 0.000000 0.000000 0.000000 0.000000 0.000000 1.000000 1.000000 1.000000 1.000000
0.000000 0.000000 0.000000 0.000000 0.000000 0.000000 1.000000 1.000000 1.000000 1.000000
0.000000 0.000000 0.000000 0.000000 0.000000 0.000000 1.000000 1.000000 1.000000 1.000000
0.000000 0.000000 0.000000 0.000000 0.000000 0.000000 1.000000 1.000000 1.000000 1.000000
0.000000 0.000000 0.000000 0.000000 0.000000 0.000000 1.000000 1.000000 1.000000 1.000000
0.000000 0.000000 0.000000 0.000000 0.000000 0.000000 1.000000 1.000000 1.000000 1.000000
0.000000 0.000000 0.000000 0.000000 0.000000 0.000000 1.000000 1.000000 1.000000 1.000000
0.000000 0.000000 0.000000 0.000000 0.000000 0.000000 1.000000 1.000000 1.000000 1.000000
0.000000 0.000000 0.000000 0.000000 0.000000 0.000000 1.000000 1.000000 1.000000 1.000000
0.000000 0.000000 0.000000 0.000000 0.000000 0.000000 1.000000 1.000000 1.000000 1.000000
0.000000 0.000000 0.000000 0.000000 0.000000 0.000000 1.000000 1.000000 1.000000 1.000000
0.000000 0.000000 0.000000 0.000000 0.000000 0.000000 1.000000 1.000000 1.000000 1.000000
0.000000 0.000000 0.000000 0.000000 0.000000 0.000000 1.000000 1.000000 1.000000 1.000000
0.000000 0.000000 0.000000 0.000000 0.000000 0.000000 1.000000 1.000000 1.000000 1.000000
0.000000 0.000000 0.000000 0.000000 0.000000 0.000000 1.000000 1.000000 1.000000 1.000000
0.000000 0.000000 0.000000 0.000000 0.000000 0.000000 1.000000 1.000000 1.000000 1.000000
0.000000 0.000000 0.000000 0.000000 0.000000 0.000000 1.000000 1.000000 1.000000 1.000000
0.000000 0.000000 0.000000 0.000000 0.000000 0.000000 1.000000 1.000000 1.000000 1.000000
0.000000 0.000000 0.000000 0.000000 0.000000 0.000000 1.000000 1.000000 1.000000 1.000000
0.000000 0.000000 0.000000 0.000000 0.000000 0.000000 1.000000 1.000000 1.000000 1.000000
0.000000 0.000000 0.000000 0.000000 0.000000 0.000000 1.000000 1.000000 1.000000 1.000000
0.000000 0.000000 0.000000 0.000000 0.000000 0.000000 1.000000 1.000000 1.000000 1.000000
7806.616699 0.000000 3100.351807 0.000000 0.000000 0.000000 1.000000 1.000000 1.000000 1.000000
"}
object={
	name="horse_b_galloping"
	render_pass=Map
	clamp_to_water_level=no
	generated_content=no
	layer="unit_layer"
	entity="unit_horse_01_b_galloping_entity"
	count=30
	transform="4316.508789 0.000000 3877.183838 0.000000 -0.762585 0.000000 -0.646888 1.000000 1.000000 1.000000
4526.352539 0.000000 3735.703369 0.000000 -0.486880 0.000000 0.873469 1.000000 1.000000 1.000000
5214.210938 0.000000 4118.690430 0.000000 -0.653053 0.000000 0.757312 1.000000 1.000000 1.000000
5681.116699 0.000000 3992.080566 0.000000 -0.059727 0.000000 -0.998214 1.000000 1.000000 1.000000
3658.343994 0.000000 3664.930908 0.000000 0.278290 0.000000 0.960497 1.000000 1.000000 1.000000
6217.291016 0.000000 3661.252686 0.000000 0.832047 0.000000 0.554705 1.000000 1.000000 1.000000
6017.701172 0.000000 4055.886963 0.000000 0.592301 0.000000 0.805717 1.000000 1.000000 1.000000
5211.073242 0.000000 4121.507812 0.000000 -0.596718 0.000000 0.802451 1.000000 1.000000 1.000000
0.000000 0.000000 0.000000 0.000000 0.000000 0.000000 1.000000 1.000000 1.000000 1.000000
0.000000 0.000000 0.000000 0.000000 0.000000 0.000000 1.000000 1.000000 1.000000 1.000000
0.000000 0.000000 0.000000 0.000000 0.000000 0.000000 1.000000 1.000000 1.000000 1.000000
0.000000 0.000000 0.000000 0.000000 0.000000 0.000000 1.000000 1.000000 1.000000 1.000000
0.000000 0.000000 0.000000 0.000000 0.000000 0.000000 1.000000 1.000000 1.000000 1.000000
0.000000 0.000000 0.000000 0.000000 0.000000 0.000000 1.000000 1.000000 1.000000 1.000000
0.000000 0.000000 0.000000 0.000000 0.000000 0.000000 1.000000 1.000000 1.000000 1.000000
0.000000 0.000000 0.000000 0.000000 0.000000 0.000000 1.000000 1.000000 1.000000 1.000000
0.000000 0.000000 0.000000 0.000000 0.000000 0.000000 1.000000 1.000000 1.000000 1.000000
0.000000 0.000000 0.000000 0.000000 0.000000 0.000000 1.000000 1.000000 1.000000 1.000000
0.000000 0.000000 0.000000 0.000000 0.000000 0.000000 1.000000 1.000000 1.000000 1.000000
0.000000 0.000000 0.000000 0.000000 0.000000 0.000000 1.000000 1.000000 1.000000 1.000000
0.000000 0.000000 0.000000 0.000000 0.000000 0.000000 1.000000 1.000000 1.000000 1.000000
0.000000 0.000000 0.000000 0.000000 0.000000 0.000000 1.000000 1.000000 1.000000 1.000000
0.000000 0.000000 0.000000 0.000000 0.000000 0.000000 1.000000 1.000000 1.000000 1.000000
0.000000 0.000000 0.000000 0.000000 0.000000 0.000000 1.000000 1.000000 1.000000 1.000000
0.000000 0.000000 0.000000 0.000000 0.000000 0.000000 1.000000 1.000000 1.000000 1.000000
0.000000 0.000000 0.000000 0.000000 0.000000 0.000000 1.000000 1.000000 1.000000 1.000000
0.000000 0.000000 0.000000 0.000000 0.000000 0.000000 1.000000 1.000000 1.000000 1.000000
0.000000 0.000000 0.000000 0.000000 0.000000 0.000000 1.000000 1.000000 1.000000 1.000000
0.000000 0.000000 0.000000 0.000000 0.000000 0.000000 1.000000 1.000000 1.000000 1.000000
0.000000 0.000000 0.000000 0.000000 0.000000 0.000000 1.000000 1.000000 1.000000 1.000000
"}
object={
	name="horse_b_grazing"
	render_pass=Map
	clamp_to_water_level=no
	generated_content=no
	layer="unit_layer"
	entity="unit_horse_01_b_eating_grass_entity"
	count=66
	transform="4030.408447 0.000000 3838.138672 0.000000 -0.992890 0.000000 0.119036 1.000000 1.000000 1.000000
4404.770996 0.000000 3927.230225 0.000000 -0.863180 0.000000 0.504896 1.000000 1.000000 1.000000
4776.231934 0.000000 3789.602783 0.000000 -0.524679 0.000000 0.851301 1.000000 1.000000 1.000000
5358.240234 0.000000 3976.402832 0.000000 -0.313646 0.000000 0.949540 1.000000 1.000000 1.000000
5579.472168 0.000000 3872.212891 0.000000 0.644033 0.000000 -0.764997 1.000000 1.000000 1.000000
5915.499512 0.000000 3721.841797 0.000000 0.600336 0.000000 0.799748 1.000000 1.000000 1.000000
6289.002441 0.000000 3658.841797 0.000000 0.832047 0.000000 0.554705 1.000000 1.000000 1.000000
5722.882324 0.000000 3953.212891 0.000000 0.000000 0.000000 1.000000 1.000000 1.000000 1.000000
3134.033447 0.000000 3674.907227 0.000000 0.572255 0.000000 0.820076 0.987402 0.987402 0.987402
2528.162354 0.000000 4654.621094 0.000000 0.523509 0.000000 0.852020 1.000000 1.000000 1.000000
1098.867676 0.000000 2965.288086 0.000000 0.382783 0.000000 0.923838 1.000000 1.000000 1.000000
1928.307739 0.000000 2916.515381 0.000000 -0.374389 0.000000 0.927272 1.000000 1.000000 1.000000
3516.728516 0.000000 2547.357666 0.000000 0.889761 0.000000 0.456427 1.000000 1.000000 1.000000
5756.937988 0.000000 2600.241455 -0.000000 0.150542 0.000000 0.988604 1.000000 1.000000 1.000000
4428.438965 0.000000 4173.660156 0.000000 0.004523 0.000000 -0.999990 1.000000 1.000000 1.000000
0.000000 0.000000 0.000000 0.000000 0.000000 0.000000 1.000000 1.000000 1.000000 1.000000
0.000000 0.000000 0.000000 0.000000 0.000000 0.000000 1.000000 1.000000 1.000000 1.000000
0.000000 0.000000 0.000000 0.000000 0.000000 0.000000 1.000000 1.000000 1.000000 1.000000
0.000000 0.000000 0.000000 0.000000 0.000000 0.000000 1.000000 1.000000 1.000000 1.000000
0.000000 0.000000 0.000000 0.000000 0.000000 0.000000 1.000000 1.000000 1.000000 1.000000
0.000000 0.000000 0.000000 0.000000 0.000000 0.000000 1.000000 1.000000 1.000000 1.000000
0.000000 0.000000 0.000000 0.000000 0.000000 0.000000 1.000000 1.000000 1.000000 1.000000
0.000000 0.000000 0.000000 0.000000 0.000000 0.000000 1.000000 1.000000 1.000000 1.000000
0.000000 0.000000 0.000000 0.000000 0.000000 0.000000 1.000000 1.000000 1.000000 1.000000
0.000000 0.000000 0.000000 0.000000 0.000000 0.000000 1.000000 1.000000 1.000000 1.000000
0.000000 0.000000 0.000000 0.000000 0.000000 0.000000 1.000000 1.000000 1.000000 1.000000
0.000000 0.000000 0.000000 0.000000 0.000000 0.000000 1.000000 1.000000 1.000000 1.000000
0.000000 0.000000 0.000000 0.000000 0.000000 0.000000 1.000000 1.000000 1.000000 1.000000
0.000000 0.000000 0.000000 0.000000 0.000000 0.000000 1.000000 1.000000 1.000000 1.000000
0.000000 0.000000 0.000000 0.000000 0.000000 0.000000 1.000000 1.000000 1.000000 1.000000
0.000000 0.000000 0.000000 0.000000 0.000000 0.000000 1.000000 1.000000 1.000000 1.000000
0.000000 0.000000 0.000000 0.000000 0.000000 0.000000 1.000000 1.000000 1.000000 1.000000
0.000000 0.000000 0.000000 0.000000 0.000000 0.000000 1.000000 1.000000 1.000000 1.000000
0.000000 0.000000 0.000000 0.000000 0.000000 0.000000 1.000000 1.000000 1.000000 1.000000
0.000000 0.000000 0.000000 0.000000 0.000000 0.000000 1.000000 1.000000 1.000000 1.000000
0.000000 0.000000 0.000000 0.000000 0.000000 0.000000 1.000000 1.000000 1.000000 1.000000
0.000000 0.000000 0.000000 0.000000 0.000000 0.000000 1.000000 1.000000 1.000000 1.000000
0.000000 0.000000 0.000000 0.000000 0.000000 0.000000 1.000000 1.000000 1.000000 1.000000
0.000000 0.000000 0.000000 0.000000 0.000000 0.000000 1.000000 1.000000 1.000000 1.000000
0.000000 0.000000 0.000000 0.000000 0.000000 0.000000 1.000000 1.000000 1.000000 1.000000
0.000000 0.000000 0.000000 0.000000 0.000000 0.000000 1.000000 1.000000 1.000000 1.000000
0.000000 0.000000 0.000000 0.000000 0.000000 0.000000 1.000000 1.000000 1.000000 1.000000
0.000000 0.000000 0.000000 0.000000 0.000000 0.000000 1.000000 1.000000 1.000000 1.000000
0.000000 0.000000 0.000000 0.000000 0.000000 0.000000 1.000000 1.000000 1.000000 1.000000
0.000000 0.000000 0.000000 0.000000 0.000000 0.000000 1.000000 1.000000 1.000000 1.000000
0.000000 0.000000 0.000000 0.000000 0.000000 0.000000 1.000000 1.000000 1.000000 1.000000
0.000000 0.000000 0.000000 0.000000 0.000000 0.000000 1.000000 1.000000 1.000000 1.000000
0.000000 0.000000 0.000000 0.000000 0.000000 0.000000 1.000000 1.000000 1.000000 1.000000
0.000000 0.000000 0.000000 0.000000 0.000000 0.000000 1.000000 1.000000 1.000000 1.000000
0.000000 0.000000 0.000000 0.000000 0.000000 0.000000 1.000000 1.000000 1.000000 1.000000
0.000000 0.000000 0.000000 0.000000 0.000000 0.000000 1.000000 1.000000 1.000000 1.000000
0.000000 0.000000 0.000000 0.000000 0.000000 0.000000 1.000000 1.000000 1.000000 1.000000
0.000000 0.000000 0.000000 0.000000 0.000000 0.000000 1.000000 1.000000 1.000000 1.000000
0.000000 0.000000 0.000000 0.000000 0.000000 0.000000 1.000000 1.000000 1.000000 1.000000
0.000000 0.000000 0.000000 0.000000 0.000000 0.000000 1.000000 1.000000 1.000000 1.000000
0.000000 0.000000 0.000000 0.000000 0.000000 0.000000 1.000000 1.000000 1.000000 1.000000
0.000000 0.000000 0.000000 0.000000 0.000000 0.000000 1.000000 1.000000 1.000000 1.000000
0.000000 0.000000 0.000000 0.000000 0.000000 0.000000 1.000000 1.000000 1.000000 1.000000
0.000000 0.000000 0.000000 0.000000 0.000000 0.000000 1.000000 1.000000 1.000000 1.000000
0.000000 0.000000 0.000000 0.000000 0.000000 0.000000 1.000000 1.000000 1.000000 1.000000
7400.177734 0.000000 2968.694580 0.000000 0.831098 0.000000 0.556126 1.000000 1.000000 1.000000
7607.772949 0.000000 3091.475098 0.000000 -0.804743 0.000000 0.593624 1.000000 1.000000 1.000000
8003.128418 0.000000 2892.926758 0.000000 0.788400 0.000000 0.615163 1.000000 1.000000 1.000000
8038.437988 0.000000 2670.404541 0.000000 0.988911 0.000000 -0.148512 1.000000 1.000000 1.000000
7900.378906 0.000000 2290.968506 0.000000 -0.611806 0.000000 0.791008 1.000000 1.000000 1.000000
8316.089844 0.000000 2710.060791 0.000000 -0.297424 0.000000 0.954746 1.000000 1.000000 1.000000
"}
object={
	name="horse_c_galloping"
	render_pass=Map
	clamp_to_water_level=no
	generated_content=no
	layer="unit_layer"
	entity="unit_horse_01_c_galloping_entity"
	count=30
	transform="4307.326172 0.000000 3889.374268 0.000000 0.728082 0.000000 0.685490 1.000000 1.000000 1.000000
4533.520508 0.000000 3726.545166 0.000000 -0.482476 0.000000 0.875910 1.000000 1.000000 1.000000
5218.264160 0.000000 4109.202148 0.000000 -0.563009 0.000000 0.826451 1.000000 1.000000 1.000000
5688.467285 0.000000 3993.344238 0.000000 0.109218 0.000000 0.994018 1.000000 1.000000 1.000000
6098.424316 0.000000 3515.164062 0.000000 0.358650 0.000000 0.933472 1.000000 1.000000 1.000000
3664.427979 0.000000 3667.138428 0.000000 0.268368 0.000000 0.963317 1.000000 1.000000 1.000000
6023.650391 0.000000 4052.555908 0.000000 -0.549475 0.000000 -0.835511 1.000000 1.000000 1.000000
0.000000 0.000000 0.000000 0.000000 0.000000 0.000000 1.000000 1.000000 1.000000 1.000000
0.000000 0.000000 0.000000 0.000000 0.000000 0.000000 1.000000 1.000000 1.000000 1.000000
0.000000 0.000000 0.000000 0.000000 0.000000 0.000000 1.000000 1.000000 1.000000 1.000000
0.000000 0.000000 0.000000 0.000000 0.000000 0.000000 1.000000 1.000000 1.000000 1.000000
0.000000 0.000000 0.000000 0.000000 0.000000 0.000000 1.000000 1.000000 1.000000 1.000000
0.000000 0.000000 0.000000 0.000000 0.000000 0.000000 1.000000 1.000000 1.000000 1.000000
0.000000 0.000000 0.000000 0.000000 0.000000 0.000000 1.000000 1.000000 1.000000 1.000000
0.000000 0.000000 0.000000 0.000000 0.000000 0.000000 1.000000 1.000000 1.000000 1.000000
0.000000 0.000000 0.000000 0.000000 0.000000 0.000000 1.000000 1.000000 1.000000 1.000000
0.000000 0.000000 0.000000 0.000000 0.000000 0.000000 1.000000 1.000000 1.000000 1.000000
0.000000 0.000000 0.000000 0.000000 0.000000 0.000000 1.000000 1.000000 1.000000 1.000000
0.000000 0.000000 0.000000 0.000000 0.000000 0.000000 1.000000 1.000000 1.000000 1.000000
0.000000 0.000000 0.000000 0.000000 0.000000 0.000000 1.000000 1.000000 1.000000 1.000000
0.000000 0.000000 0.000000 0.000000 0.000000 0.000000 1.000000 1.000000 1.000000 1.000000
0.000000 0.000000 0.000000 0.000000 0.000000 0.000000 1.000000 1.000000 1.000000 1.000000
0.000000 0.000000 0.000000 0.000000 0.000000 0.000000 1.000000 1.000000 1.000000 1.000000
0.000000 0.000000 0.000000 0.000000 0.000000 0.000000 1.000000 1.000000 1.000000 1.000000
0.000000 0.000000 0.000000 0.000000 0.000000 0.000000 1.000000 1.000000 1.000000 1.000000
0.000000 0.000000 0.000000 0.000000 0.000000 0.000000 1.000000 1.000000 1.000000 1.000000
0.000000 0.000000 0.000000 0.000000 0.000000 0.000000 1.000000 1.000000 1.000000 1.000000
0.000000 0.000000 0.000000 0.000000 0.000000 0.000000 1.000000 1.000000 1.000000 1.000000
0.000000 0.000000 0.000000 0.000000 0.000000 0.000000 1.000000 1.000000 1.000000 1.000000
0.000000 0.000000 0.000000 0.000000 0.000000 0.000000 1.000000 1.000000 1.000000 1.000000
"}
object={
	name="horse_c_grazing"
	render_pass=Map
	clamp_to_water_level=no
	generated_content=no
	layer="unit_layer"
	entity="unit_horse_01_c_eating_grass_entity"
	count=64
	transform="4144.049805 0.000000 3661.666260 0.000000 -0.647582 0.000000 0.761995 1.000000 1.000000 1.000000
4825.679688 0.000000 4042.063721 0.000000 -0.139218 0.000000 -0.990262 1.000000 1.000000 1.000000
5150.418945 0.000000 3819.811279 0.000000 -0.828783 0.000000 0.559571 1.000000 1.000000 1.000000
5212.948730 0.000000 3931.810303 0.000000 0.445826 0.000000 0.895119 1.000000 1.000000 1.000000
5563.896973 0.000000 4089.957275 0.000000 0.936376 0.000000 0.350999 1.000000 1.000000 1.000000
6144.442383 0.000000 3544.953369 0.000000 0.400990 0.000000 0.916082 1.000000 1.000000 1.000000
5821.813965 0.000000 3634.450928 0.000000 0.592055 0.000000 0.805898 1.000000 1.000000 1.000000
5684.104492 0.000000 3894.449219 0.000000 0.795475 0.000000 -0.605987 1.000000 1.000000 1.000000
5409.542480 0.000000 4020.653564 0.000000 0.269161 0.000000 0.963095 0.955737 0.955737 0.955737
2457.337646 0.000000 4579.586914 0.000000 -0.266805 0.000000 0.963750 1.000000 1.000000 1.000000
2008.901733 0.000000 3857.545410 0.000000 -0.593498 0.000000 -0.804836 0.932861 0.932861 0.932861
998.700867 0.000000 999.507690 0.000000 0.642609 0.000000 -0.766194 1.000000 1.000000 1.000000
3781.971680 0.000000 2946.489258 0.000000 0.683254 0.000000 -0.730181 1.000000 1.000000 1.000000
5767.984863 0.000000 2593.595459 0.000000 0.672536 0.000000 -0.740064 1.000000 1.000000 1.000000
4442.737793 0.000000 4173.028320 0.000000 0.153592 0.000000 0.988134 1.000000 1.000000 1.000000
0.000000 0.000000 0.000000 0.000000 0.000000 0.000000 1.000000 1.000000 1.000000 1.000000
0.000000 0.000000 0.000000 0.000000 0.000000 0.000000 1.000000 1.000000 1.000000 1.000000
0.000000 0.000000 0.000000 0.000000 0.000000 0.000000 1.000000 1.000000 1.000000 1.000000
0.000000 0.000000 0.000000 0.000000 0.000000 0.000000 1.000000 1.000000 1.000000 1.000000
0.000000 0.000000 0.000000 0.000000 0.000000 0.000000 1.000000 1.000000 1.000000 1.000000
0.000000 0.000000 0.000000 0.000000 0.000000 0.000000 1.000000 1.000000 1.000000 1.000000
0.000000 0.000000 0.000000 0.000000 0.000000 0.000000 1.000000 1.000000 1.000000 1.000000
0.000000 0.000000 0.000000 0.000000 0.000000 0.000000 1.000000 1.000000 1.000000 1.000000
0.000000 0.000000 0.000000 0.000000 0.000000 0.000000 1.000000 1.000000 1.000000 1.000000
0.000000 0.000000 0.000000 0.000000 0.000000 0.000000 1.000000 1.000000 1.000000 1.000000
0.000000 0.000000 0.000000 0.000000 0.000000 0.000000 1.000000 1.000000 1.000000 1.000000
0.000000 0.000000 0.000000 0.000000 0.000000 0.000000 1.000000 1.000000 1.000000 1.000000
0.000000 0.000000 0.000000 0.000000 0.000000 0.000000 1.000000 1.000000 1.000000 1.000000
0.000000 0.000000 0.000000 0.000000 0.000000 0.000000 1.000000 1.000000 1.000000 1.000000
0.000000 0.000000 0.000000 0.000000 0.000000 0.000000 1.000000 1.000000 1.000000 1.000000
0.000000 0.000000 0.000000 0.000000 0.000000 0.000000 1.000000 1.000000 1.000000 1.000000
0.000000 0.000000 0.000000 0.000000 0.000000 0.000000 1.000000 1.000000 1.000000 1.000000
0.000000 0.000000 0.000000 0.000000 0.000000 0.000000 1.000000 1.000000 1.000000 1.000000
0.000000 0.000000 0.000000 0.000000 0.000000 0.000000 1.000000 1.000000 1.000000 1.000000
0.000000 0.000000 0.000000 0.000000 0.000000 0.000000 1.000000 1.000000 1.000000 1.000000
0.000000 0.000000 0.000000 0.000000 0.000000 0.000000 1.000000 1.000000 1.000000 1.000000
0.000000 0.000000 0.000000 0.000000 0.000000 0.000000 1.000000 1.000000 1.000000 1.000000
0.000000 0.000000 0.000000 0.000000 0.000000 0.000000 1.000000 1.000000 1.000000 1.000000
0.000000 0.000000 0.000000 0.000000 0.000000 0.000000 1.000000 1.000000 1.000000 1.000000
0.000000 0.000000 0.000000 0.000000 0.000000 0.000000 1.000000 1.000000 1.000000 1.000000
0.000000 0.000000 0.000000 0.000000 0.000000 0.000000 1.000000 1.000000 1.000000 1.000000
0.000000 0.000000 0.000000 0.000000 0.000000 0.000000 1.000000 1.000000 1.000000 1.000000
0.000000 0.000000 0.000000 0.000000 0.000000 0.000000 1.000000 1.000000 1.000000 1.000000
0.000000 0.000000 0.000000 0.000000 0.000000 0.000000 1.000000 1.000000 1.000000 1.000000
0.000000 0.000000 0.000000 0.000000 0.000000 0.000000 1.000000 1.000000 1.000000 1.000000
0.000000 0.000000 0.000000 0.000000 0.000000 0.000000 1.000000 1.000000 1.000000 1.000000
0.000000 0.000000 0.000000 0.000000 0.000000 0.000000 1.000000 1.000000 1.000000 1.000000
0.000000 0.000000 0.000000 0.000000 0.000000 0.000000 1.000000 1.000000 1.000000 1.000000
0.000000 0.000000 0.000000 0.000000 0.000000 0.000000 1.000000 1.000000 1.000000 1.000000
0.000000 0.000000 0.000000 0.000000 0.000000 0.000000 1.000000 1.000000 1.000000 1.000000
0.000000 0.000000 0.000000 0.000000 0.000000 0.000000 1.000000 1.000000 1.000000 1.000000
0.000000 0.000000 0.000000 0.000000 0.000000 0.000000 1.000000 1.000000 1.000000 1.000000
0.000000 0.000000 0.000000 0.000000 0.000000 0.000000 1.000000 1.000000 1.000000 1.000000
0.000000 0.000000 0.000000 0.000000 0.000000 0.000000 1.000000 1.000000 1.000000 1.000000
0.000000 0.000000 0.000000 0.000000 0.000000 0.000000 1.000000 1.000000 1.000000 1.000000
0.000000 0.000000 0.000000 0.000000 0.000000 0.000000 1.000000 1.000000 1.000000 1.000000
0.000000 0.000000 0.000000 0.000000 0.000000 0.000000 1.000000 1.000000 1.000000 1.000000
0.000000 0.000000 0.000000 0.000000 0.000000 0.000000 1.000000 1.000000 1.000000 1.000000
0.000000 0.000000 0.000000 0.000000 0.000000 0.000000 1.000000 1.000000 1.000000 1.000000
0.000000 0.000000 0.000000 0.000000 0.000000 0.000000 1.000000 1.000000 1.000000 1.000000
7134.666992 0.000000 2719.564697 0.000000 0.000000 0.000000 1.000000 1.000000 1.000000 1.000000
7690.143066 0.000000 2639.404297 0.000000 0.739013 0.000000 0.673691 1.000000 1.000000 1.000000
7740.846680 0.000000 3024.683838 0.000000 -0.929770 0.000000 0.368142 1.000000 1.000000 1.000000
8084.118652 0.000000 3153.921387 0.000000 0.627077 0.000000 0.778957 1.000000 1.000000 1.000000
"}
object={
	name="horse_d_galloping"
	render_pass=Map
	clamp_to_water_level=no
	generated_content=no
	layer="unit_layer"
	entity="unit_horse_01_d_galloping_entity"
	count=31
	transform="4302.526855 0.000000 3884.122803 0.000000 -0.728871 0.000000 -0.684651 1.000000 1.000000 1.000000
5112.739746 0.000000 3865.725830 0.000000 -0.633043 0.000000 -0.774117 1.000000 1.000000 1.000000
5109.786133 0.000000 3871.689209 0.000000 -0.688988 0.000000 -0.724772 1.000000 1.000000 1.000000
5685.264160 0.000000 3991.348633 0.000000 0.080662 0.000000 0.996741 1.000000 1.000000 1.000000
6102.539062 0.000000 3519.927246 0.000000 0.763296 0.000000 -0.646049 1.000000 1.000000 1.000000
3666.214111 0.000000 3663.719971 0.000000 0.374380 0.000000 0.927275 1.000000 1.000000 1.000000
6026.958496 0.000000 4048.722900 0.000000 0.502501 0.000000 0.864577 1.000000 1.000000 1.000000
0.000000 0.000000 0.000000 0.000000 0.000000 0.000000 1.000000 1.000000 1.000000 1.000000
0.000000 0.000000 0.000000 0.000000 0.000000 0.000000 1.000000 1.000000 1.000000 1.000000
0.000000 0.000000 0.000000 0.000000 0.000000 0.000000 1.000000 1.000000 1.000000 1.000000
0.000000 0.000000 0.000000 0.000000 0.000000 0.000000 1.000000 1.000000 1.000000 1.000000
0.000000 0.000000 0.000000 0.000000 0.000000 0.000000 1.000000 1.000000 1.000000 1.000000
0.000000 0.000000 0.000000 0.000000 0.000000 0.000000 1.000000 1.000000 1.000000 1.000000
0.000000 0.000000 0.000000 0.000000 0.000000 0.000000 1.000000 1.000000 1.000000 1.000000
0.000000 0.000000 0.000000 0.000000 0.000000 0.000000 1.000000 1.000000 1.000000 1.000000
0.000000 0.000000 0.000000 0.000000 0.000000 0.000000 1.000000 1.000000 1.000000 1.000000
0.000000 0.000000 0.000000 0.000000 0.000000 0.000000 1.000000 1.000000 1.000000 1.000000
0.000000 0.000000 0.000000 0.000000 0.000000 0.000000 1.000000 1.000000 1.000000 1.000000
0.000000 0.000000 0.000000 0.000000 0.000000 0.000000 1.000000 1.000000 1.000000 1.000000
0.000000 0.000000 0.000000 0.000000 0.000000 0.000000 1.000000 1.000000 1.000000 1.000000
0.000000 0.000000 0.000000 0.000000 0.000000 0.000000 1.000000 1.000000 1.000000 1.000000
0.000000 0.000000 0.000000 0.000000 0.000000 0.000000 1.000000 1.000000 1.000000 1.000000
0.000000 0.000000 0.000000 0.000000 0.000000 0.000000 1.000000 1.000000 1.000000 1.000000
0.000000 0.000000 0.000000 0.000000 0.000000 0.000000 1.000000 1.000000 1.000000 1.000000
0.000000 0.000000 0.000000 0.000000 0.000000 0.000000 1.000000 1.000000 1.000000 1.000000
0.000000 0.000000 0.000000 0.000000 0.000000 0.000000 1.000000 1.000000 1.000000 1.000000
0.000000 0.000000 0.000000 0.000000 0.000000 0.000000 1.000000 1.000000 1.000000 1.000000
0.000000 0.000000 0.000000 0.000000 0.000000 0.000000 1.000000 1.000000 1.000000 1.000000
0.000000 0.000000 0.000000 0.000000 0.000000 0.000000 1.000000 1.000000 1.000000 1.000000
0.000000 0.000000 0.000000 0.000000 0.000000 0.000000 1.000000 1.000000 1.000000 1.000000
8111.417969 0.000000 2667.275391 0.000000 0.787972 0.000000 0.615711 1.000000 1.000000 1.000000
"}
object={
	name="horse_d_grazing"
	render_pass=Map
	clamp_to_water_level=no
	generated_content=no
	layer="unit_layer"
	entity="unit_horse_01_d_eating_grass_entity"
	count=64
	transform="4140.662598 0.000000 3639.791748 0.000000 -0.863180 0.000000 0.504896 1.000000 1.000000 1.000000
4726.474121 0.000000 3694.737061 0.000000 0.376389 0.000000 0.926462 1.000000 1.000000 1.000000
5344.549805 0.000000 3933.366211 0.000000 0.484132 0.000000 0.874995 1.000000 1.000000 1.000000
5448.538574 0.000000 3840.198486 0.000000 -0.451834 0.000000 -0.892102 1.000000 1.000000 1.000000
5627.313965 0.000000 4144.120117 0.000000 0.464683 0.000000 0.885477 1.000000 1.000000 1.000000
6156.145020 0.000000 3561.587646 0.000000 0.732933 0.000000 -0.680301 1.000000 1.000000 1.000000
5922.639160 0.000000 3694.622559 0.000000 0.137865 0.000000 0.990451 1.000000 1.000000 1.000000
5756.419922 0.000000 3902.072266 0.000000 -0.299995 0.000000 0.953941 1.000000 1.000000 1.000000
5366.035156 0.000000 4226.121582 0.000000 0.000000 0.000000 1.000000 1.000000 1.000000 1.000000
1280.738770 0.000000 4307.281738 0.000000 -0.393667 0.000000 0.919253 0.966333 0.966333 0.966333
2252.083252 0.000000 3262.059326 0.000000 0.979287 0.000000 -0.202476 0.796948 0.796948 0.796948
3748.571289 0.000000 1217.189819 0.000000 0.735320 0.000000 -0.677720 1.000000 1.000000 1.000000
3792.569824 0.000000 2947.786621 0.000000 0.851149 0.000000 -0.524924 1.000000 1.000000 1.000000
5758.696289 0.000000 2587.092041 0.000000 0.873847 0.000000 -0.486201 1.000000 1.000000 1.000000
4434.353027 0.000000 4165.578125 0.000000 -0.923451 0.000000 -0.383718 1.000000 1.000000 1.000000
0.000000 0.000000 0.000000 0.000000 0.000000 0.000000 1.000000 1.000000 1.000000 1.000000
0.000000 0.000000 0.000000 0.000000 0.000000 0.000000 1.000000 1.000000 1.000000 1.000000
0.000000 0.000000 0.000000 0.000000 0.000000 0.000000 1.000000 1.000000 1.000000 1.000000
0.000000 0.000000 0.000000 0.000000 0.000000 0.000000 1.000000 1.000000 1.000000 1.000000
0.000000 0.000000 0.000000 0.000000 0.000000 0.000000 1.000000 1.000000 1.000000 1.000000
0.000000 0.000000 0.000000 0.000000 0.000000 0.000000 1.000000 1.000000 1.000000 1.000000
0.000000 0.000000 0.000000 0.000000 0.000000 0.000000 1.000000 1.000000 1.000000 1.000000
0.000000 0.000000 0.000000 0.000000 0.000000 0.000000 1.000000 1.000000 1.000000 1.000000
0.000000 0.000000 0.000000 0.000000 0.000000 0.000000 1.000000 1.000000 1.000000 1.000000
0.000000 0.000000 0.000000 0.000000 0.000000 0.000000 1.000000 1.000000 1.000000 1.000000
0.000000 0.000000 0.000000 0.000000 0.000000 0.000000 1.000000 1.000000 1.000000 1.000000
0.000000 0.000000 0.000000 0.000000 0.000000 0.000000 1.000000 1.000000 1.000000 1.000000
0.000000 0.000000 0.000000 0.000000 0.000000 0.000000 1.000000 1.000000 1.000000 1.000000
0.000000 0.000000 0.000000 0.000000 0.000000 0.000000 1.000000 1.000000 1.000000 1.000000
0.000000 0.000000 0.000000 0.000000 0.000000 0.000000 1.000000 1.000000 1.000000 1.000000
0.000000 0.000000 0.000000 0.000000 0.000000 0.000000 1.000000 1.000000 1.000000 1.000000
0.000000 0.000000 0.000000 0.000000 0.000000 0.000000 1.000000 1.000000 1.000000 1.000000
0.000000 0.000000 0.000000 0.000000 0.000000 0.000000 1.000000 1.000000 1.000000 1.000000
0.000000 0.000000 0.000000 0.000000 0.000000 0.000000 1.000000 1.000000 1.000000 1.000000
0.000000 0.000000 0.000000 0.000000 0.000000 0.000000 1.000000 1.000000 1.000000 1.000000
0.000000 0.000000 0.000000 0.000000 0.000000 0.000000 1.000000 1.000000 1.000000 1.000000
0.000000 0.000000 0.000000 0.000000 0.000000 0.000000 1.000000 1.000000 1.000000 1.000000
0.000000 0.000000 0.000000 0.000000 0.000000 0.000000 1.000000 1.000000 1.000000 1.000000
0.000000 0.000000 0.000000 0.000000 0.000000 0.000000 1.000000 1.000000 1.000000 1.000000
0.000000 0.000000 0.000000 0.000000 0.000000 0.000000 1.000000 1.000000 1.000000 1.000000
0.000000 0.000000 0.000000 0.000000 0.000000 0.000000 1.000000 1.000000 1.000000 1.000000
0.000000 0.000000 0.000000 0.000000 0.000000 0.000000 1.000000 1.000000 1.000000 1.000000
0.000000 0.000000 0.000000 0.000000 0.000000 0.000000 1.000000 1.000000 1.000000 1.000000
0.000000 0.000000 0.000000 0.000000 0.000000 0.000000 1.000000 1.000000 1.000000 1.000000
0.000000 0.000000 0.000000 0.000000 0.000000 0.000000 1.000000 1.000000 1.000000 1.000000
0.000000 0.000000 0.000000 0.000000 0.000000 0.000000 1.000000 1.000000 1.000000 1.000000
0.000000 0.000000 0.000000 0.000000 0.000000 0.000000 1.000000 1.000000 1.000000 1.000000
0.000000 0.000000 0.000000 0.000000 0.000000 0.000000 1.000000 1.000000 1.000000 1.000000
0.000000 0.000000 0.000000 0.000000 0.000000 0.000000 1.000000 1.000000 1.000000 1.000000
0.000000 0.000000 0.000000 0.000000 0.000000 0.000000 1.000000 1.000000 1.000000 1.000000
0.000000 0.000000 0.000000 0.000000 0.000000 0.000000 1.000000 1.000000 1.000000 1.000000
0.000000 0.000000 0.000000 0.000000 0.000000 0.000000 1.000000 1.000000 1.000000 1.000000
0.000000 0.000000 0.000000 0.000000 0.000000 0.000000 1.000000 1.000000 1.000000 1.000000
0.000000 0.000000 0.000000 0.000000 0.000000 0.000000 1.000000 1.000000 1.000000 1.000000
0.000000 0.000000 0.000000 0.000000 0.000000 0.000000 1.000000 1.000000 1.000000 1.000000
0.000000 0.000000 0.000000 0.000000 0.000000 0.000000 1.000000 1.000000 1.000000 1.000000
0.000000 0.000000 0.000000 0.000000 0.000000 0.000000 1.000000 1.000000 1.000000 1.000000
0.000000 0.000000 0.000000 0.000000 0.000000 0.000000 1.000000 1.000000 1.000000 1.000000
0.000000 0.000000 0.000000 0.000000 0.000000 0.000000 1.000000 1.000000 1.000000 1.000000
0.000000 0.000000 0.000000 0.000000 0.000000 0.000000 1.000000 1.000000 1.000000 1.000000
8242.841797 0.000000 2774.681641 0.000000 0.666361 0.000000 0.745629 1.000000 1.000000 1.000000
8096.870605 0.000000 2387.343018 0.000000 -0.332241 0.000000 -0.943195 1.000000 1.000000 1.000000
6916.701660 0.000000 2784.019287 0.000000 -0.878686 0.000000 -0.477399 1.000000 1.000000 1.000000
7656.263672 0.000000 2195.390625 0.000000 0.000000 0.000000 1.000000 1.000000 1.000000 1.000000
"}
object={
	name="sheep_type_1"
	render_pass=Map
	clamp_to_water_level=no
	generated_content=no
	layer="unit_layer"
	entity="map_mpo_sheep_male_01_entity"
	count=45
	transform="3237.099121 0.000000 3778.392578 0.000000 -0.702491 0.000000 0.711693 1.000000 1.000000 1.000000
3222.260742 0.000000 3769.441895 0.000000 -0.435447 0.000000 -0.900214 1.000000 1.000000 1.000000
3612.619629 0.000000 3951.429932 0.000000 -0.579922 0.000000 -0.814672 1.000000 1.000000 1.000000
4043.629883 0.000000 3920.049316 0.000000 0.977652 0.000000 0.210230 1.000000 1.000000 1.000000
4446.234375 0.000000 3987.666504 0.000000 -0.401062 0.000000 0.916051 1.000000 1.000000 1.000000
4729.471191 0.000000 3808.237549 0.000000 -0.666939 0.000000 -0.745112 1.000000 1.000000 1.000000
4717.054688 0.000000 3805.330811 0.000000 0.344697 0.000000 -0.938714 1.000000 1.000000 1.000000
4911.880859 0.000000 3802.718750 0.000000 0.977939 0.000000 0.208891 1.000000 1.000000 1.000000
5103.226074 0.000000 3760.039795 0.000000 -0.922164 0.000000 -0.386800 1.000000 1.000000 1.000000
5118.594238 0.000000 3754.542725 -0.000000 -0.162379 0.000000 0.986728 1.000000 1.000000 1.000000
5060.018066 0.000000 3937.626221 0.000000 0.407447 0.000000 -0.913229 1.000000 1.000000 1.000000
5131.187012 0.000000 4093.021729 0.000000 -0.801305 0.000000 -0.598256 1.000000 1.000000 1.000000
5417.560059 0.000000 4085.676025 0.000000 -0.999866 0.000000 -0.016332 1.000000 1.000000 1.000000
5401.925293 0.000000 4115.134766 0.000000 0.919301 0.000000 0.393556 1.000000 1.000000 1.000000
5628.656738 0.000000 3880.324463 0.000000 -0.692672 0.000000 0.721252 1.000000 1.000000 1.000000
6132.272461 0.000000 3782.998291 0.000000 -0.984911 0.000000 0.173060 1.000000 1.000000 1.000000
6151.763184 0.000000 3764.941650 0.000000 0.961342 0.000000 0.275356 1.000000 1.000000 1.000000
6064.484863 0.000000 3629.104492 0.000000 0.986018 0.000000 -0.166639 1.000000 1.000000 1.000000
6343.742676 0.000000 3644.023926 0.000000 0.551765 0.000000 -0.834000 1.100024 1.100024 1.100024
4820.443359 0.000000 4077.471436 0.000000 0.997063 0.000000 0.076587 1.000000 1.000000 1.000000
4060.400391 0.000000 3770.551514 0.000000 0.725913 0.000000 -0.687787 1.000000 1.000000 1.000000
3873.020508 0.000000 3701.383301 0.000000 -0.861027 0.000000 0.508560 1.070410 1.070410 1.070410
3881.807129 0.000000 3685.613281 0.000000 0.707073 0.000000 -0.707142 0.885840 0.885840 0.885840
3685.197998 0.000000 3812.724854 0.000000 -0.702707 0.000000 0.711478 1.000000 1.000000 1.000000
3312.896729 0.000000 3627.778809 0.000000 -0.508922 0.000000 -0.860813 1.000000 1.000000 1.000000
361.642609 0.000000 5019.373535 0.000000 -0.265957 0.000000 -0.963985 1.000000 1.000000 1.000000
2246.528809 0.000000 4342.126953 0.000000 -0.403898 0.000000 0.914804 1.000000 1.000000 1.000000
2560.115967 0.000000 4446.594238 0.000000 0.304069 0.000000 0.952650 1.000000 1.000000 1.000000
2962.993652 0.000000 4707.454590 0.000000 0.908849 0.000000 0.417126 1.000000 1.000000 1.000000
1400.119141 0.000000 4095.374023 0.000000 -0.844548 0.000000 -0.535480 1.000000 1.000000 1.000000
1318.577148 0.000000 3107.897461 0.000000 -0.933607 0.000000 0.358299 1.000000 1.000000 1.000000
2034.855835 0.000000 4019.942383 0.000000 0.544032 -0.000000 -0.839065 1.000000 1.000000 1.000000
2069.836182 0.000000 3515.195557 0.000000 0.986325 0.000000 0.164815 1.000000 1.000000 1.000000
2421.911865 0.000000 3203.288818 0.000000 0.820622 0.000000 0.571471 1.000000 1.000000 1.000000
1370.407104 0.000000 1008.495300 -0.000000 0.242939 0.000000 0.970042 1.000000 1.000000 1.000000
3671.667969 0.000000 2737.805664 0.000000 0.993588 0.000000 -0.113061 1.000000 1.000000 1.000000
4395.495117 0.000000 2758.720459 0.000000 -0.134459 0.000000 0.990919 1.000000 1.000000 1.000000
7069.207520 0.000000 2023.085083 0.000000 -0.047104 0.000000 0.998890 1.000000 1.000000 1.000000
3661.722412 0.000000 4461.531250 0.000000 -0.011916 0.000000 -0.999929 1.000000 1.000000 1.000000
3226.368408 0.000000 4456.370605 -0.000000 -0.685526 0.000000 0.728048 1.000000 1.000000 1.000000
8225.941406 0.000000 3492.869629 0.000000 0.000000 0.000000 1.000000 1.000000 1.000000 1.000000
8147.397949 0.000000 2657.732178 0.000000 -0.628265 0.000000 0.777999 1.000000 1.000000 1.000000
8146.712891 0.000000 2645.260010 0.000000 0.352717 0.000000 0.935730 1.000000 1.000000 1.000000
7811.935059 0.000000 3122.142578 0.000000 0.572955 0.000000 0.819587 1.000000 1.000000 1.000000
7511.049316 0.000000 3465.181396 0.000000 0.735901 0.000000 0.677090 1.000000 1.000000 1.000000
"}
object={
	name="sheep_type_2"
	render_pass=Map
	clamp_to_water_level=no
	generated_content=no
	layer="unit_layer"
	entity="map_mpo_sheep_male_02_entity"
	count=45
	transform="3243.096680 0.000000 3778.160156 0.000000 0.922891 0.000000 -0.385063 1.000000 1.000000 1.000000
3807.869141 0.000000 4042.825684 0.000000 0.342870 0.000000 -0.939383 1.000000 1.000000 1.000000
3895.413086 0.000000 3876.654541 0.000000 0.997754 0.000000 0.066986 1.000000 1.000000 1.000000
3909.960938 0.000000 3870.738525 0.000000 -0.604593 0.000000 0.796534 1.000000 1.000000 1.000000
4019.792480 0.000000 3920.347656 0.000000 -0.279719 0.000000 -0.960082 1.128247 1.128247 1.128247
4469.442871 0.000000 3991.351074 0.000000 0.732464 0.000000 -0.680805 1.000000 1.000000 1.000000
4469.491211 0.000000 4001.925293 0.000000 -0.966379 0.000000 -0.257121 1.000000 1.000000 1.000000
4491.414062 0.000000 3805.070312 0.000000 -0.653885 0.000000 0.756594 1.000000 1.000000 1.000000
4907.057129 0.000000 3794.954102 0.000000 0.822965 0.000000 0.568091 1.000000 1.000000 1.000000
5144.069336 0.000000 3756.150146 0.000000 -0.342097 0.000000 -0.939665 1.000000 1.000000 1.000000
5128.664062 0.000000 3775.104736 0.000000 -0.978512 0.000000 -0.206192 1.000000 1.000000 1.000000
5128.512207 0.000000 4114.732422 0.000000 -0.081668 0.000000 -0.996660 1.000000 1.000000 1.000000
5394.556641 0.000000 4098.703125 0.000000 0.931777 0.000000 0.363031 1.000000 1.000000 1.000000
5424.598145 0.000000 4087.397705 0.000000 0.107958 0.000000 -0.994156 1.000000 1.000000 1.000000
5401.686035 0.000000 3846.794922 0.000000 -0.997658 0.000000 -0.068398 1.000000 1.000000 1.000000
5628.817871 0.000000 3871.535889 -0.000000 -0.058418 0.000000 0.998292 1.000000 1.000000 1.000000
6064.455078 0.000000 4160.107422 0.000000 -0.975326 0.000000 0.220770 1.000000 1.000000 1.000000
6064.252441 0.000000 4172.895508 0.000000 -0.909718 0.000000 -0.415226 1.000000 1.000000 1.000000
6348.868164 0.000000 3643.160645 0.000000 0.775799 0.000000 0.630980 1.000000 1.000000 1.000000
4792.108887 0.000000 4062.718994 -0.000000 0.847209 0.000000 0.531259 1.000000 1.000000 1.000000
4219.419922 0.000000 3961.300293 0.000000 0.971691 0.000000 -0.236253 1.000000 1.000000 1.000000
3888.463867 0.000000 3688.305664 0.000000 0.379210 0.000000 0.925311 1.000000 1.000000 1.000000
3674.970459 0.000000 3812.481445 0.000000 -0.438084 0.000000 -0.898934 1.000000 1.000000 1.000000
3674.930664 0.000000 3803.203125 0.000000 0.992313 0.000000 -0.123758 1.000000 1.000000 1.000000
3293.137939 0.000000 3646.251465 0.000000 -0.370167 0.000000 0.928965 1.000000 1.000000 1.000000
2436.202148 0.000000 4583.472656 0.000000 0.804987 0.000000 -0.593293 1.000000 1.000000 1.000000
2547.487305 0.000000 4396.133301 0.000000 0.879181 0.000000 -0.476488 1.000000 1.000000 1.000000
2017.237061 0.000000 4267.361328 0.000000 0.658165 0.000000 -0.752874 1.000000 1.000000 1.000000
1223.350830 0.000000 4229.766113 0.000000 0.337285 0.000000 0.941403 1.000000 1.000000 1.000000
1348.783569 0.000000 4013.591309 0.000000 0.895671 0.000000 0.444718 1.000000 1.000000 1.000000
1072.738037 0.000000 4031.542725 0.000000 0.216324 0.000000 0.976322 1.000000 1.000000 1.000000
1027.664551 0.000000 3025.131104 0.000000 -0.490051 0.000000 0.871694 1.000000 1.000000 1.000000
1793.791138 0.000000 3671.280762 0.000000 -0.847527 0.000000 0.530753 1.000000 1.000000 1.000000
1287.201294 0.000000 2766.558350 0.000000 0.309624 0.000000 -0.950859 1.000000 1.000000 1.000000
3591.838867 0.000000 1437.992432 0.000000 -0.333570 0.000000 -0.942725 1.000000 1.000000 1.000000
3932.127930 0.000000 2864.975586 0.000000 -0.458480 0.000000 0.888705 1.000000 1.000000 1.000000
5171.300293 0.000000 2993.366211 0.000000 -0.668154 0.000000 0.744023 1.000000 1.000000 1.000000
6247.183105 0.000000 1903.435303 -0.000000 0.041005 0.000000 0.999159 1.000000 1.000000 1.000000
7007.014160 0.000000 3719.337891 0.000000 0.998056 0.000000 0.062322 1.000000 1.000000 1.000000
2862.618408 0.000000 4569.830078 0.000000 0.429139 0.000000 -0.903238 1.000000 1.000000 1.000000
7498.291992 0.000000 3481.309814 0.000000 0.000000 0.000000 1.000000 1.000000 1.000000 1.000000
8208.325195 0.000000 3538.663574 0.000000 0.824386 0.000000 0.566028 1.000000 1.000000 1.000000
7823.912598 0.000000 3096.281250 0.000000 0.000000 0.000000 1.000000 1.000000 1.000000 1.000000
7802.153320 0.000000 3083.363281 0.000000 0.000000 0.000000 1.000000 1.000000 1.000000 1.000000
7792.478516 0.000000 3110.058594 0.000000 -0.796884 0.000000 0.604133 1.000000 1.000000 1.000000
"}
object={
	name="sheep_type_3"
	render_pass=Map
	clamp_to_water_level=no
	generated_content=no
	layer="unit_layer"
	entity="map_mpo_sheep_female_01_entity"
	count=150
	transform="3226.316895 0.000000 3783.003906 0.000000 0.341229 0.000000 0.939980 1.000000 1.000000 1.000000
3232.275391 0.000000 3769.084961 0.000000 -0.964633 0.000000 -0.263598 1.000000 1.000000 1.000000
3238.664062 0.000000 3773.026367 0.000000 -0.874152 0.000000 -0.485653 1.000000 1.000000 1.000000
3236.990234 0.000000 3775.421875 0.000000 0.985290 0.000000 -0.170891 1.000000 1.000000 1.000000
3216.440430 0.000000 3767.915039 0.000000 -0.156956 0.000000 0.987606 1.000000 1.000000 1.000000
3226.654297 0.000000 3756.766602 -0.000000 -0.895936 0.000000 0.444184 1.000000 1.000000 1.000000
3629.617920 0.000000 3953.185791 0.000000 -0.975780 0.000000 0.218754 1.000000 1.000000 1.000000
3621.978760 0.000000 3940.601562 0.000000 -0.630707 0.000000 0.776021 1.000000 1.000000 1.000000
3614.616943 0.000000 3945.606689 0.000000 -0.013938 0.000000 0.999903 1.000000 1.000000 1.000000
3620.738525 0.000000 3949.592285 0.000000 0.914142 0.000000 -0.405392 1.000000 1.000000 1.000000
3613.420410 0.000000 3938.543213 0.000000 -0.128104 0.000000 -0.991761 1.000000 1.000000 1.000000
3814.091553 0.000000 4051.836914 0.000000 -0.997321 0.000000 0.073149 1.000000 1.000000 1.000000
3816.567139 0.000000 4035.869141 0.000000 -0.418275 0.000000 -0.908320 1.000000 1.000000 1.000000
3818.022705 0.000000 4025.748047 0.000000 -0.775966 0.000000 0.630774 1.000000 1.000000 1.000000
3810.647949 0.000000 4022.047852 0.000000 0.897688 0.000000 0.440632 1.000000 1.000000 1.000000
3904.373535 0.000000 3870.462158 0.000000 0.788484 0.000000 -0.615055 1.000000 1.000000 1.000000
3906.287598 0.000000 3885.475830 -0.000000 0.539012 0.000000 0.842298 1.000000 1.000000 1.000000
4466.055176 0.000000 3988.457031 0.000000 0.190267 0.000000 0.981732 1.000000 1.000000 1.000000
4455.396484 0.000000 3995.290039 0.000000 0.627951 0.000000 -0.778253 1.000000 1.000000 1.000000
4437.056152 0.000000 3994.314941 0.000000 0.262150 0.000000 -0.965027 1.000000 1.000000 1.000000
4498.658203 0.000000 3800.904785 0.000000 -0.008927 0.000000 -0.999960 1.000000 1.000000 1.000000
4721.636230 0.000000 3805.158447 0.000000 -0.124592 0.000000 -0.992208 1.180981 1.180981 1.180981
4738.299316 0.000000 3794.110596 0.000000 -0.993908 0.000000 -0.110214 1.000000 1.000000 1.000000
4730.112305 0.000000 3803.184814 0.000000 0.321799 0.000000 0.946808 1.000000 1.000000 1.000000
4726.231445 0.000000 3796.497314 0.000000 -0.610285 0.000000 0.792182 1.000000 1.000000 1.000000
4719.646973 0.000000 3797.235596 0.000000 -0.104618 0.000000 -0.994513 1.180981 1.180981 1.180981
4899.003418 0.000000 3805.263916 0.000000 -0.027447 0.000000 -0.999624 1.000000 1.000000 1.000000
4915.935059 0.000000 3784.103027 0.000000 -0.888688 0.000000 0.458513 1.000000 1.000000 1.000000
4920.487793 0.000000 3795.295410 0.000000 0.103276 0.000000 -0.994653 1.000000 1.000000 1.000000
4920.562988 0.000000 3789.525635 0.000000 -0.998643 0.000000 -0.052084 1.000000 1.000000 1.000000
4946.369629 0.000000 3821.136719 0.000000 0.691010 0.000000 -0.722845 1.000000 1.000000 1.000000
5136.950195 0.000000 3746.198975 0.000000 0.580854 0.000000 -0.814007 1.000000 1.000000 1.000000
5157.095703 0.000000 3741.272705 0.000000 -0.773130 -0.000000 -0.634247 1.000000 1.000000 1.000000
5136.853516 0.000000 3757.988037 0.000000 -0.993745 0.000000 -0.111669 1.000000 1.000000 1.000000
5121.056641 0.000000 3780.952393 0.000000 0.647642 0.000000 -0.761944 1.000000 1.000000 1.000000
5096.319336 0.000000 3762.933350 0.000000 -0.925274 0.000000 0.379299 1.000000 1.000000 1.000000
5088.362305 0.000000 3756.033936 0.000000 -0.308220 0.000000 0.951315 1.000000 1.000000 1.000000
5115.846191 0.000000 3755.361572 0.000000 -0.916101 0.000000 0.400949 1.000000 1.000000 1.000000
5117.990723 0.000000 3779.782959 0.000000 -0.865406 0.000000 0.501072 1.000000 1.000000 1.000000
5050.185547 0.000000 3930.696045 0.000000 0.407580 0.000000 0.913170 1.000000 1.000000 1.000000
5063.927734 0.000000 3930.718018 0.000000 0.939282 0.000000 0.343147 1.000000 1.000000 1.000000
5125.397949 0.000000 4090.425049 0.000000 -0.425713 0.000000 -0.904858 1.000000 1.000000 1.000000
5144.005371 0.000000 4089.984619 0.000000 -0.946090 0.000000 -0.323905 1.000000 1.000000 1.000000
5125.288086 0.000000 4106.667969 0.000000 -0.760572 -0.000000 -0.649254 1.000000 1.000000 1.000000
5133.858398 0.000000 4118.856445 0.000000 0.122893 0.000000 -0.992420 1.000000 1.000000 1.000000
5396.797852 0.000000 4100.088867 0.000000 -0.752973 0.000000 0.658051 1.000000 1.000000 1.000000
5412.675293 0.000000 4113.162109 0.000000 -0.985821 0.000000 -0.167802 1.000000 1.000000 1.000000
5412.999023 0.000000 4096.968750 0.000000 -0.580418 0.000000 -0.814319 1.000000 1.000000 1.000000
5399.709473 0.000000 4085.046143 0.000000 -0.286072 -0.000000 -0.958208 1.000000 1.000000 1.000000
5405.332520 0.000000 4098.985352 0.000000 -0.445767 0.000000 -0.895149 1.000000 1.000000 1.000000
5618.857422 0.000000 3862.933838 0.000000 -0.185827 0.000000 0.982582 1.000000 1.000000 1.000000
5610.410645 0.000000 3873.057861 0.000000 0.890433 0.000000 -0.455114 1.000000 1.000000 1.000000
6078.067871 0.000000 4159.199219 0.000000 -0.939618 0.000000 -0.342225 1.000000 1.000000 1.000000
6057.886719 0.000000 4170.334961 0.000000 -0.876111 0.000000 -0.482110 1.000000 1.000000 1.000000
6119.438477 0.000000 3778.040527 0.000000 0.477614 0.000000 0.878570 1.000000 1.000000 1.000000
6131.882324 0.000000 3758.371826 0.000000 -0.118304 0.000000 0.992978 1.000000 1.000000 1.000000
6144.436035 0.000000 3784.573486 0.000000 -0.134225 0.000000 0.990951 1.000000 1.000000 1.000000
6141.120117 0.000000 3773.051025 0.000000 0.604882 0.000000 -0.796315 1.000000 1.000000 1.000000
6163.921387 0.000000 3785.579590 0.000000 0.244086 0.000000 0.969754 1.000000 1.000000 1.000000
6105.312500 0.000000 3781.932373 0.000000 -0.969319 0.000000 -0.245804 1.000000 1.000000 1.000000
6074.686523 0.000000 3623.228027 0.000000 0.247535 0.000000 0.968879 1.000000 1.000000 1.000000
6057.126465 0.000000 3628.782715 0.000000 0.953479 0.000000 0.301458 1.000000 1.000000 1.000000
6354.245117 0.000000 3646.923828 0.000000 0.999821 0.000000 0.018933 1.100024 1.100024 1.100024
6341.645020 0.000000 3664.354492 0.000000 0.289935 0.000000 -0.957047 1.100024 1.100024 1.100024
4836.905273 0.000000 4082.806152 0.000000 0.555016 0.000000 0.831839 1.000000 1.000000 1.000000
4846.032227 0.000000 4069.152588 0.000000 0.985198 0.000000 0.171420 1.000000 1.000000 1.000000
4785.134277 0.000000 4079.680420 0.000000 0.323242 -0.000000 -0.946316 1.000000 1.000000 1.000000
4795.449707 0.000000 4049.236572 0.000000 -0.070677 -0.000000 -0.997499 1.000000 1.000000 1.000000
4815.701660 0.000000 4066.674072 0.000000 -0.598053 0.000000 0.801456 1.000000 1.000000 1.000000
4768.963379 0.000000 4067.007568 0.000000 0.649783 0.000000 0.760119 1.000000 1.000000 1.000000
4213.461914 0.000000 3954.953125 0.000000 -0.135525 0.000000 0.990774 1.000000 1.000000 1.000000
4225.677246 0.000000 3953.912598 0.000000 0.959136 0.000000 0.282946 1.000000 1.000000 1.000000
4224.690918 0.000000 3956.425293 -0.000000 -0.925162 0.000000 0.379573 1.000000 1.000000 1.000000
4063.141602 0.000000 3764.069580 0.000000 -0.323595 0.000000 0.946196 1.000000 1.000000 1.000000
3890.897949 0.000000 3709.357422 0.000000 -0.942202 0.000000 0.335045 1.000000 1.000000 1.000000
3875.250000 0.000000 3689.091309 0.000000 0.924585 0.000000 -0.380975 1.000000 1.000000 1.000000
3877.216309 0.000000 3695.901855 0.000000 0.018492 0.000000 0.999829 0.885840 0.885840 0.885840
3862.978027 0.000000 3707.280762 0.000000 0.955241 0.000000 -0.295829 1.000000 1.000000 1.000000
3868.685059 0.000000 3685.231445 0.000000 0.999166 0.000000 -0.040829 1.000000 1.000000 1.000000
3882.424805 0.000000 3702.673340 0.000000 -0.999906 0.000000 0.013748 1.070410 1.070410 1.070410
3882.525879 0.000000 3683.783691 0.000000 0.809945 0.000000 0.586507 1.000000 1.000000 1.000000
3864.054199 0.000000 3698.270996 0.000000 -0.439559 0.000000 0.898214 1.000000 1.000000 1.000000
3884.958008 0.000000 3695.317871 0.000000 0.945125 0.000000 -0.326710 0.885840 0.885840 0.885840
3664.370605 0.000000 3813.147217 0.000000 -0.887365 0.000000 0.461067 1.000000 1.000000 1.000000
3677.202637 0.000000 3790.131348 0.000000 0.721953 0.000000 -0.691943 1.000000 1.000000 1.000000
3692.587402 0.000000 3805.962646 0.000000 -0.760202 0.000000 -0.649686 1.000000 1.000000 1.000000
3686.438477 0.000000 3806.448975 0.000000 0.935023 0.000000 0.354587 1.000000 1.000000 1.000000
3303.022217 0.000000 3635.826172 0.000000 -0.402121 0.000000 -0.915586 1.000000 1.000000 1.000000
3316.565186 0.000000 3633.754395 0.000000 0.999260 0.000000 -0.038471 1.000000 1.000000 1.000000
3311.568115 0.000000 3639.784668 0.000000 -0.761390 0.000000 0.648294 1.000000 1.000000 1.000000
369.260895 0.000000 5022.911621 -0.000000 0.401278 0.000000 0.915956 1.000000 1.000000 1.000000
367.652130 0.000000 5018.848145 0.000000 -0.012908 0.000000 0.999917 1.000000 1.000000 1.000000
2442.827393 0.000000 4581.445312 0.000000 -0.734120 0.000000 -0.679020 1.000000 1.000000 1.000000
2444.675049 0.000000 4585.712891 0.000000 -0.961276 0.000000 -0.275588 1.000000 1.000000 1.000000
2252.026367 0.000000 4336.164062 0.000000 0.703669 0.000000 -0.710528 1.000000 1.000000 1.000000
2244.466064 0.000000 4338.078125 0.000000 0.602910 0.000000 -0.797809 1.000000 1.000000 1.000000
2546.860596 0.000000 4401.776855 0.000000 0.536504 0.000000 0.843898 1.000000 1.000000 1.000000
2545.935303 0.000000 4393.360840 0.000000 -0.675271 0.000000 0.737569 1.000000 1.000000 1.000000
2564.637451 0.000000 4442.456543 0.000000 0.183758 -0.000000 -0.982971 1.000000 1.000000 1.000000
2970.460938 0.000000 4706.918457 0.000000 0.222074 0.000000 -0.975030 1.000000 1.000000 1.000000
2012.420410 0.000000 4267.958008 0.000000 -0.859181 0.000000 -0.511672 1.000000 1.000000 1.000000
1228.686646 0.000000 4226.695801 0.000000 -0.773136 0.000000 -0.634240 1.000000 1.000000 1.000000
1220.531006 0.000000 4225.927246 0.000000 -0.781568 0.000000 0.623820 1.000000 1.000000 1.000000
1346.432495 0.000000 4010.555176 0.000000 0.991881 0.000000 0.127172 1.000000 1.000000 1.000000
1344.234741 0.000000 4015.845703 0.000000 0.037282 0.000000 -0.999305 1.000000 1.000000 1.000000
1354.231201 0.000000 4017.515625 0.000000 0.999683 0.000000 0.025176 1.000000 1.000000 1.000000
1400.113403 0.000000 4089.555664 0.000000 -0.999285 0.000000 -0.037807 1.000000 1.000000 1.000000
1073.765137 0.000000 4027.608154 0.000000 -0.188824 0.000000 0.982011 1.000000 1.000000 1.000000
1326.357056 0.000000 3107.004395 -0.000000 0.218593 0.000000 0.975816 1.000000 1.000000 1.000000
1319.761108 0.000000 3102.560547 -0.000000 0.293588 0.000000 0.955932 1.000000 1.000000 1.000000
1034.646606 0.000000 3021.310791 0.000000 -0.936996 -0.000000 -0.349340 1.000000 1.000000 1.000000
1022.914307 0.000000 3027.873291 0.000000 -0.538392 0.000000 -0.842694 1.000000 1.000000 1.000000
2042.979858 0.000000 4027.077148 0.000000 -0.974496 0.000000 -0.224404 1.000000 1.000000 1.000000
2042.938843 0.000000 4020.279785 -0.000000 -0.230986 0.000000 0.972957 1.000000 1.000000 1.000000
1804.139282 0.000000 3672.211914 0.000000 -0.990610 0.000000 -0.136721 1.000000 1.000000 1.000000
1809.425903 0.000000 3664.251953 0.000000 -0.672971 0.000000 -0.739669 1.000000 1.000000 1.000000
1796.950806 0.000000 3664.979492 0.000000 0.874276 0.000000 -0.485429 1.000000 1.000000 1.000000
2079.730469 0.000000 3512.167236 0.000000 0.633954 0.000000 0.773370 1.000000 1.000000 1.000000
2074.013916 0.000000 3508.989014 0.000000 -0.211958 0.000000 -0.977279 1.000000 1.000000 1.000000
2070.629883 0.000000 3507.252686 0.000000 0.654618 0.000000 -0.755960 1.000000 1.000000 1.000000
2428.697021 0.000000 3195.645264 0.000000 0.829558 0.000000 -0.558420 1.000000 1.000000 1.000000
2433.175537 0.000000 3198.986084 0.000000 0.236889 0.000000 -0.971537 1.000000 1.000000 1.000000
1291.380859 0.000000 2772.373291 0.000000 0.748027 0.000000 0.663669 1.000000 1.000000 1.000000
1291.406372 0.000000 2763.559814 0.000000 0.665658 0.000000 -0.746257 1.000000 1.000000 1.000000
1375.150269 0.000000 1010.211487 0.000000 -0.999763 0.000000 0.021772 1.000000 1.000000 1.000000
1379.366577 0.000000 1008.977600 0.000000 -0.983597 0.000000 0.180378 1.000000 1.000000 1.000000
3602.968262 0.000000 1435.206543 0.000000 -0.692661 0.000000 0.721263 1.000000 1.000000 1.000000
3606.374512 0.000000 1439.304199 0.000000 0.658036 0.000000 -0.752986 1.000000 1.000000 1.000000
3678.687500 0.000000 2741.106445 0.000000 0.789840 0.000000 0.613313 1.000000 1.000000 1.000000
3677.479492 0.000000 2734.789551 0.000000 0.769332 0.000000 -0.638849 1.000000 1.000000 1.000000
3936.218262 0.000000 2862.408203 0.000000 -0.854835 0.000000 -0.518900 1.000000 1.000000 1.000000
3932.331543 0.000000 2871.198730 0.000000 0.109765 0.000000 -0.993958 1.000000 1.000000 1.000000
3938.919434 0.000000 2864.266602 0.000000 0.962733 0.000000 -0.270454 1.000000 1.000000 1.000000
4397.758301 0.000000 2752.618896 0.000000 0.199937 0.000000 0.979809 1.000000 1.000000 1.000000
4388.147949 0.000000 2759.494873 0.000000 -0.999972 0.000000 0.007433 1.000000 1.000000 1.000000
5180.284668 0.000000 2992.758301 0.000000 -0.384905 0.000000 0.922956 1.000000 1.000000 1.000000
5176.253906 0.000000 2997.886719 0.000000 0.813578 0.000000 -0.581455 1.000000 1.000000 1.000000
5165.475586 0.000000 2995.678711 0.000000 -0.971360 0.000000 -0.237614 1.000000 1.000000 1.000000
6246.963379 0.000000 1911.048584 0.000000 0.617226 -0.000000 -0.786786 1.000000 1.000000 1.000000
6256.115234 0.000000 1901.131592 0.000000 -0.970272 0.000000 -0.242018 1.000000 1.000000 1.000000
7075.195801 0.000000 2020.980591 0.000000 0.373872 0.000000 -0.927480 1.000000 1.000000 1.000000
7076.033691 0.000000 2029.419067 0.000000 0.995376 0.000000 0.096055 1.000000 1.000000 1.000000
7068.550293 0.000000 2028.824829 0.000000 -0.967213 0.000000 0.253965 1.000000 1.000000 1.000000
3665.925049 0.000000 4469.467773 0.000000 0.969674 0.000000 0.244402 1.000000 1.000000 1.000000
3223.720459 0.000000 4460.026855 0.000000 0.997280 0.000000 0.073700 1.000000 1.000000 1.000000
3230.653564 0.000000 4459.897949 0.000000 -0.410190 0.000000 -0.912000 1.000000 1.000000 1.000000
3227.643799 0.000000 4451.016113 0.000000 0.716425 -0.000000 -0.697664 1.000000 1.000000 1.000000
2865.410400 0.000000 4566.080078 0.000000 -0.548232 0.000000 -0.836326 1.000000 1.000000 1.000000
2869.073486 0.000000 4568.249023 0.000000 0.999961 0.000000 -0.008880 1.000000 1.000000 1.000000
2872.952393 0.000000 4563.425781 0.000000 -0.994184 0.000000 0.107691 1.000000 1.000000 1.000000
"}
object={
	name="sheep_type_4"
	render_pass=Map
	clamp_to_water_level=no
	generated_content=no
	layer="unit_layer"
	entity="map_mpo_sheep_female_02_entity"
	count=157
	transform="3248.838379 0.000000 3764.901855 0.000000 0.788441 0.000000 -0.615110 1.000000 1.000000 1.000000
3242.230957 0.000000 3764.850586 0.000000 0.135486 0.000000 0.990779 1.000000 1.000000 1.000000
3229.476074 0.000000 3777.221680 0.000000 0.907118 0.000000 0.420875 1.000000 1.000000 1.000000
3251.908691 0.000000 3773.405273 0.000000 -0.794927 0.000000 0.606705 1.000000 1.000000 1.000000
3227.335449 0.000000 3764.778809 0.000000 -0.737506 0.000000 -0.675340 1.000000 1.000000 1.000000
3233.268555 0.000000 3778.199707 0.000000 0.643543 0.000000 -0.765410 1.000000 1.000000 1.000000
3813.457520 0.000000 4043.762451 0.000000 -0.932074 0.000000 0.362267 1.000000 1.000000 1.000000
3822.625732 0.000000 4046.486816 0.000000 -0.997531 0.000000 0.070231 1.000000 1.000000 1.000000
3806.710938 0.000000 4036.800293 0.000000 0.202980 0.000000 0.979183 1.000000 1.000000 1.000000
3903.096191 0.000000 3877.180420 0.000000 0.349438 0.000000 -0.936960 1.000000 1.000000 1.000000
3902.388184 0.000000 3888.764404 0.000000 0.779031 0.000000 0.626986 1.000000 1.000000 1.000000
3901.114258 0.000000 3870.392334 0.000000 0.961732 0.000000 -0.273991 1.000000 1.000000 1.000000
3919.434082 0.000000 3882.904541 0.000000 -0.999829 0.000000 -0.018496 1.000000 1.000000 1.000000
4035.052734 0.000000 3920.327637 0.000000 0.788302 0.000000 0.615288 1.000000 1.000000 1.000000
4032.735352 0.000000 3906.819336 0.000000 -0.225698 0.000000 0.974198 1.000000 1.000000 1.000000
4007.783203 0.000000 3918.706543 0.000000 -0.718390 0.000000 -0.695640 1.000000 1.000000 1.000000
4019.613281 0.000000 3905.171875 0.000000 0.693281 0.000000 -0.720667 1.128247 1.128247 1.128247
4021.394043 0.000000 3928.756348 0.000000 0.341726 0.000000 0.939800 1.000000 1.000000 1.000000
4028.073730 0.000000 3914.338867 -0.000000 -0.916424 0.000000 0.400210 1.128247 1.128247 1.128247
4441.836426 0.000000 3984.134766 -0.000000 0.688645 0.000000 0.725099 1.000000 1.000000 1.000000
4456.057129 0.000000 4005.825684 0.000000 0.322273 0.000000 -0.946647 1.000000 1.000000 1.000000
4451.311523 0.000000 4007.087402 0.000000 0.997683 0.000000 -0.068030 1.000000 1.000000 1.000000
4457.486328 0.000000 3986.505371 -0.000000 0.114184 0.000000 0.993460 1.000000 1.000000 1.000000
4456.334473 0.000000 3979.740234 0.000000 0.978074 0.000000 -0.208256 1.000000 1.000000 1.000000
4463.155273 0.000000 3998.799805 0.000000 -0.879007 0.000000 0.476809 1.000000 1.000000 1.000000
4482.318359 0.000000 3811.789551 0.000000 0.949202 0.000000 0.314667 1.000000 1.000000 1.000000
4488.224609 0.000000 3816.461914 0.000000 0.855020 0.000000 -0.518595 1.000000 1.000000 1.000000
4915.732910 0.000000 3791.864014 0.000000 -0.970010 0.000000 0.243064 1.000000 1.000000 1.000000
4908.203613 0.000000 3779.657959 0.000000 -0.010082 0.000000 -0.999949 1.000000 1.000000 1.000000
4908.739746 0.000000 3812.742920 0.000000 -0.532273 0.000000 0.846573 1.000000 1.000000 1.000000
4901.895020 0.000000 3815.143066 0.000000 0.467337 0.000000 0.884079 1.000000 1.000000 1.000000
4913.551758 0.000000 3802.917236 0.000000 -0.070586 0.000000 -0.997506 1.000000 1.000000 1.000000
4899.860352 0.000000 3800.207275 0.000000 0.971400 0.000000 -0.237449 1.000000 1.000000 1.000000
5112.466309 0.000000 3745.313721 0.000000 -0.358341 0.000000 0.933591 1.000000 1.000000 1.000000
5146.474121 0.000000 3739.633057 0.000000 0.639169 0.000000 0.769067 1.000000 1.000000 1.000000
5117.259277 0.000000 3777.811279 0.000000 -0.317017 0.000000 -0.948420 1.000000 1.000000 1.000000
5135.255371 0.000000 3786.918701 0.000000 0.552399 0.000000 -0.833580 1.000000 1.000000 1.000000
5093.175781 0.000000 3743.196045 0.000000 0.173358 0.000000 -0.984859 1.000000 1.000000 1.000000
5083.021484 0.000000 3776.179932 0.000000 0.000000 0.000000 1.000000 1.000000 1.000000 1.000000
5105.306152 0.000000 3761.411377 0.000000 0.106528 0.000000 0.994310 1.000000 1.000000 1.000000
5044.047852 0.000000 3927.449463 0.000000 0.829866 0.000000 0.557963 1.000000 1.000000 1.000000
5135.577148 0.000000 4105.491211 0.000000 0.548473 0.000000 0.836168 1.000000 1.000000 1.000000
5149.113770 0.000000 4100.831055 0.000000 -0.605893 0.000000 -0.795546 1.000000 1.000000 1.000000
5121.454102 0.000000 4095.991455 0.000000 -0.456508 0.000000 -0.889719 1.000000 1.000000 1.000000
5406.710449 0.000000 4090.622314 0.000000 0.168421 -0.000000 -0.985715 1.000000 1.000000 1.000000
5420.577637 0.000000 4098.779297 0.000000 0.962473 0.000000 0.271379 1.000000 1.000000 1.000000
5423.731445 0.000000 4107.464844 0.000000 -0.919711 0.000000 -0.392596 1.000000 1.000000 1.000000
5403.911621 0.000000 4091.630127 0.000000 -0.999604 0.000000 -0.028129 1.000000 1.000000 1.000000
5401.823730 0.000000 4104.276367 0.000000 0.382976 0.000000 -0.923758 1.000000 1.000000 1.000000
5390.150879 0.000000 4106.508789 0.000000 0.808023 0.000000 0.589151 1.000000 1.000000 1.000000
5421.469727 0.000000 4090.433838 0.000000 -0.921904 0.000000 -0.387419 1.000000 1.000000 1.000000
5404.453613 0.000000 3838.455078 0.000000 0.792476 0.000000 0.609904 1.000000 1.000000 1.000000
5396.214355 0.000000 3852.557129 0.000000 0.673417 0.000000 -0.739263 1.000000 1.000000 1.000000
5625.093262 0.000000 3877.262451 0.000000 0.106774 -0.000000 -0.994283 1.000000 1.000000 1.000000
5615.509766 0.000000 3878.545166 0.000000 0.500431 0.000000 0.865777 1.000000 1.000000 1.000000
5611.192383 0.000000 3866.395752 0.000000 -0.344085 0.000000 0.938938 1.000000 1.000000 1.000000
5624.924805 0.000000 3867.384033 0.000000 0.680639 0.000000 -0.732619 1.000000 1.000000 1.000000
5618.996094 0.000000 3879.870361 0.000000 -0.640824 0.000000 0.767688 1.000000 1.000000 1.000000
6043.373535 0.000000 4169.726562 0.000000 -0.805750 0.000000 0.592256 1.000000 1.000000 1.000000
6049.930176 0.000000 4159.890625 0.000000 0.543729 0.000000 -0.839261 1.000000 1.000000 1.000000
6068.108398 0.000000 4155.798828 0.000000 -0.156719 0.000000 0.987643 1.000000 1.000000 1.000000
6067.684570 0.000000 3623.725098 0.000000 -0.383547 0.000000 0.923522 1.000000 1.000000 1.000000
6065.166504 0.000000 3637.893555 0.000000 0.997831 0.000000 0.065828 1.000000 1.000000 1.000000
6356.602539 0.000000 3654.497070 0.000000 -0.464007 0.000000 -0.885832 1.000000 1.000000 1.000000
6351.939453 0.000000 3661.501953 -0.000000 -0.364637 0.000000 0.931150 1.000000 1.000000 1.000000
6342.285156 0.000000 3641.216309 0.000000 -0.999490 0.000000 0.031927 1.000000 1.000000 1.000000
4806.457520 0.000000 4080.750732 0.000000 -0.098135 -0.000000 -0.995173 1.000000 1.000000 1.000000
4821.750000 0.000000 4091.284668 -0.000000 -0.813124 0.000000 0.582090 1.000000 1.000000 1.000000
4833.649414 0.000000 4057.799072 0.000000 0.232149 0.000000 -0.972680 1.000000 1.000000 1.000000
4812.577637 0.000000 4042.907959 -0.000000 0.700686 0.000000 0.713470 1.000000 1.000000 1.000000
4817.065918 0.000000 4057.485107 0.000000 0.352482 -0.000000 -0.935818 1.000000 1.000000 1.000000
4206.189453 0.000000 3958.657227 0.000000 0.698381 0.000000 -0.715726 1.000000 1.000000 1.000000
4053.365723 0.000000 3768.237061 0.000000 -0.940534 0.000000 0.339700 1.000000 1.000000 1.000000
4065.465820 0.000000 3778.937256 0.000000 -0.209467 0.000000 -0.977816 1.000000 1.000000 1.000000
3886.056641 0.000000 3702.937500 0.000000 0.383612 0.000000 0.923494 1.000000 1.000000 1.000000
3894.062012 0.000000 3690.900879 0.000000 0.880781 0.000000 -0.473523 1.070410 1.070410 1.070410
3877.322754 0.000000 3715.940430 -0.000000 0.566347 0.000000 0.824166 0.885840 0.885840 0.885840
3875.018066 0.000000 3694.083984 0.000000 0.808455 0.000000 -0.588558 1.070410 1.070410 1.070410
3866.087402 0.000000 3718.205078 0.000000 -0.736624 0.000000 0.676303 1.000000 1.000000 1.000000
3867.290039 0.000000 3693.838867 0.000000 0.744394 0.000000 0.667741 1.000000 1.000000 1.000000
3870.108887 0.000000 3680.795898 -0.000000 0.604425 0.000000 0.796662 1.070410 1.070410 1.070410
3872.006348 0.000000 3708.025391 0.000000 0.995549 0.000000 -0.094248 1.000000 1.000000 1.000000
3670.757080 0.000000 3827.606201 0.000000 0.294071 0.000000 -0.955783 1.000000 1.000000 1.000000
3678.917236 0.000000 3798.977295 0.000000 -0.131915 0.000000 -0.991261 1.000000 1.000000 1.000000
3702.312988 0.000000 3804.575439 0.000000 0.977415 0.000000 0.211330 1.000000 1.000000 1.000000
3686.133301 0.000000 3822.336426 0.000000 0.489381 0.000000 0.872070 1.000000 1.000000 1.000000
3668.549561 0.000000 3823.506104 0.000000 -0.980765 0.000000 0.195192 1.000000 1.000000 1.000000
3303.598389 0.000000 3639.452637 0.000000 0.983473 0.000000 -0.181057 1.000000 1.000000 1.000000
3307.513916 0.000000 3634.983398 0.000000 0.255028 -0.000000 -0.966934 1.000000 1.000000 1.000000
3295.563232 0.000000 3640.104492 0.000000 -0.909443 0.000000 -0.415828 1.000000 1.000000 1.000000
364.961578 0.000000 5022.918457 0.000000 0.953250 0.000000 0.302182 1.000000 1.000000 1.000000
2446.377686 0.000000 4590.339844 0.000000 -0.445808 0.000000 -0.895129 1.000000 1.000000 1.000000
2446.939209 0.000000 4579.603516 0.000000 -0.411681 0.000000 -0.911328 1.000000 1.000000 1.000000
2253.912842 0.000000 4340.618164 0.000000 -0.429650 -0.000000 -0.902995 1.000000 1.000000 1.000000
2555.827637 0.000000 4444.134277 0.000000 -0.317869 0.000000 0.948135 1.000000 1.000000 1.000000
2556.071777 0.000000 4450.262207 0.000000 -0.582280 0.000000 0.812989 1.000000 1.000000 1.000000
2563.791504 0.000000 4454.443848 0.000000 0.847637 0.000000 -0.530577 1.000000 1.000000 1.000000
2968.183105 0.000000 4705.565918 0.000000 0.995618 0.000000 -0.093512 1.000000 1.000000 1.000000
2970.751465 0.000000 4702.304199 0.000000 0.619602 0.000000 0.784916 1.000000 1.000000 1.000000
2022.605713 0.000000 4268.366211 0.000000 -0.265919 0.000000 -0.963996 1.000000 1.000000 1.000000
2019.423096 0.000000 4273.525391 -0.000000 -0.021298 0.000000 0.999773 1.000000 1.000000 1.000000
1224.654419 0.000000 4223.355957 0.000000 -0.789309 0.000000 0.613997 1.000000 1.000000 1.000000
1352.928345 0.000000 4009.562988 0.000000 -0.685636 0.000000 -0.727944 1.000000 1.000000 1.000000
1397.966187 0.000000 4102.618164 0.000000 -0.709101 0.000000 -0.705106 1.000000 1.000000 1.000000
1405.134399 0.000000 4101.555664 0.000000 -0.894904 -0.000000 -0.446258 1.000000 1.000000 1.000000
1396.560669 0.000000 4091.583984 0.000000 0.996128 0.000000 0.087913 1.000000 1.000000 1.000000
1405.684448 0.000000 4094.458008 0.000000 -0.987206 0.000000 0.159449 1.000000 1.000000 1.000000
1074.932861 0.000000 4025.422607 0.000000 -0.937284 0.000000 0.348567 1.000000 1.000000 1.000000
1079.678711 0.000000 4028.825928 0.000000 -0.326364 0.000000 0.945244 1.000000 1.000000 1.000000
1322.984131 0.000000 3107.557129 0.000000 -0.521149 0.000000 -0.853465 1.000000 1.000000 1.000000
1027.356689 0.000000 3021.335205 0.000000 -0.982350 0.000000 -0.187052 1.000000 1.000000 1.000000
1037.561523 0.000000 3023.735107 0.000000 -0.987429 0.000000 -0.158064 1.000000 1.000000 1.000000
2041.920776 0.000000 4019.045898 0.000000 -0.610433 0.000000 -0.792068 1.000000 1.000000 1.000000
2039.799194 0.000000 4013.487305 0.000000 -0.943715 0.000000 -0.330761 1.000000 1.000000 1.000000
2044.872070 0.000000 4013.523438 0.000000 -0.540299 0.000000 0.841473 1.000000 1.000000 1.000000
1798.028442 0.000000 3678.472168 0.000000 0.047230 0.000000 0.998884 1.000000 1.000000 1.000000
1789.211548 0.000000 3666.542480 0.000000 -0.476557 0.000000 -0.879143 1.000000 1.000000 1.000000
1801.813599 0.000000 3668.057129 0.000000 -0.970897 0.000000 -0.239499 1.000000 1.000000 1.000000
2080.739502 0.000000 3504.306885 0.000000 0.681150 0.000000 0.732144 1.000000 1.000000 1.000000
2074.950195 0.000000 3514.117920 0.000000 0.950707 0.000000 -0.310090 1.000000 1.000000 1.000000
2428.384277 0.000000 3201.749268 0.000000 0.255564 -0.000000 -0.966792 1.000000 1.000000 1.000000
2434.070557 0.000000 3191.235107 0.000000 0.991489 0.000000 -0.130188 1.000000 1.000000 1.000000
1283.146973 0.000000 2767.273682 0.000000 0.401250 0.000000 -0.915969 1.000000 1.000000 1.000000
1286.398315 0.000000 2772.496826 0.000000 0.470320 0.000000 -0.882496 1.000000 1.000000 1.000000
1377.036011 0.000000 1007.056335 0.000000 0.833404 0.000000 0.552664 1.000000 1.000000 1.000000
1382.880737 0.000000 1005.415100 0.000000 0.417429 0.000000 0.908710 1.000000 1.000000 1.000000
3608.856445 0.000000 1434.012329 0.000000 0.996459 0.000000 0.084073 1.000000 1.000000 1.000000
3597.666016 0.000000 1432.291016 0.000000 -0.125593 0.000000 -0.992082 1.000000 1.000000 1.000000
3674.678711 0.000000 2742.536133 0.000000 0.768159 0.000000 0.640259 1.000000 1.000000 1.000000
3673.780273 0.000000 2734.449707 0.000000 -0.479149 0.000000 -0.877734 1.000000 1.000000 1.000000
3942.491699 0.000000 2861.280273 0.000000 0.193091 0.000000 0.981181 1.000000 1.000000 1.000000
3940.289551 0.000000 2858.762207 0.000000 -0.995538 0.000000 0.094360 1.000000 1.000000 1.000000
3938.619141 0.000000 2868.737305 0.000000 0.131981 0.000000 -0.991252 1.000000 1.000000 1.000000
4402.447266 0.000000 2758.064209 0.000000 0.822020 0.000000 -0.569459 1.000000 1.000000 1.000000
4400.326172 0.000000 2765.031006 0.000000 -0.118475 0.000000 0.992957 1.000000 1.000000 1.000000
4395.394043 0.000000 2756.170654 0.000000 0.971224 0.000000 -0.238167 1.000000 1.000000 1.000000
5175.943359 0.000000 2989.485352 0.000000 0.173498 0.000000 0.984834 1.000000 1.000000 1.000000
5182.168457 0.000000 2998.206055 0.000000 0.999981 0.000000 0.006184 1.000000 1.000000 1.000000
6250.204590 0.000000 1896.947998 0.000000 -0.187269 0.000000 0.982309 1.000000 1.000000 1.000000
6257.687012 0.000000 1905.039795 0.000000 0.389812 0.000000 -0.920894 1.000000 1.000000 1.000000
7007.089355 0.000000 3716.208984 0.000000 0.750131 0.000000 0.661289 1.000000 1.000000 1.000000
7013.700195 0.000000 3717.921875 -0.000000 0.641819 0.000000 0.766856 1.000000 1.000000 1.000000
7002.841797 0.000000 3725.627441 0.000000 -0.843329 0.000000 0.537397 1.000000 1.000000 1.000000
3669.128174 0.000000 4465.077148 0.000000 0.888888 0.000000 0.458124 1.000000 1.000000 1.000000
3668.343018 0.000000 4456.731445 0.000000 -0.404934 0.000000 0.914346 1.000000 1.000000 1.000000
3228.552979 0.000000 4450.335449 0.000000 -0.503883 0.000000 -0.863772 1.000000 1.000000 1.000000
3224.249268 0.000000 4455.328613 0.000000 0.845149 -0.000000 -0.534531 1.000000 1.000000 1.000000
2869.695557 0.000000 4562.508789 -0.000000 0.438909 0.000000 0.898531 1.000000 1.000000 1.000000
2860.464111 0.000000 4577.648438 0.000000 0.251826 0.000000 -0.967772 1.000000 1.000000 1.000000
2866.770264 0.000000 4573.272461 0.000000 0.085125 0.000000 0.996370 1.000000 1.000000 1.000000
7632.651367 0.000000 3339.269043 0.000000 0.000000 0.000000 1.000000 1.000000 1.000000 1.000000
7792.204590 0.000000 2907.528320 0.000000 0.000000 0.000000 1.000000 1.000000 1.000000 1.000000
8403.505859 0.000000 2889.810059 0.000000 0.000000 0.000000 1.000000 1.000000 1.000000 1.000000
8302.472656 0.000000 2705.010742 0.000000 0.000000 0.000000 1.000000 1.000000 1.000000 1.000000
8298.375977 0.000000 2700.658447 0.000000 0.602774 0.000000 0.797912 1.000000 1.000000 1.000000
8268.315430 0.000000 2396.388916 0.000000 0.000000 0.000000 1.000000 1.000000 1.000000 1.000000
7695.364258 0.000000 2419.313232 0.000000 -0.584057 0.000000 0.811712 1.000000 1.000000 1.000000
"}
