object={
	name="bridge 01"
	render_pass=MapUnderWater
	clamp_to_water_level=no
	generated_content=no
	layer="temp_layer"
	pdxmesh="bridge_01_mesh"
	count=65
	transform="2632.322510 1.397460 4034.244385 0.000000 0.399823 0.000000 0.916592 1.107324 1.107324 1.107324
2719.885254 1.322510 3986.391602 0.000000 0.472360 0.000000 0.881406 1.172290 1.172290 1.172290
2597.250488 0.759766 4047.285156 0.000000 0.131266 0.000000 0.991347 1.000000 1.000000 1.000000
2542.215820 1.479492 4086.054199 0.000000 0.858971 0.000000 0.512024 1.000000 1.000000 1.000000
2580.838379 2.158691 4165.300293 0.000000 0.820283 0.000000 0.571957 1.000000 1.000000 1.000000
1841.084839 0.691162 4747.641602 0.000000 0.000000 0.000000 1.000000 1.000000 1.000000 1.000000
1812.552490 0.346680 4639.925293 0.000000 -0.121495 0.000000 0.992592 1.184521 1.184521 1.184521
2887.837891 1.447021 4389.175781 0.000000 0.437640 0.000000 0.899150 1.280566 1.280566 1.280566
3004.270020 1.768799 4331.614258 0.000000 0.565026 0.000000 0.825073 1.107130 1.107130 1.107130
2544.965332 1.572998 3676.404541 0.000000 -0.065200 0.000000 0.997872 1.000000 1.000000 1.000000
2565.093994 1.811768 3677.842041 0.000000 -0.036430 0.000000 0.999336 1.100636 1.100636 1.100636
2592.070312 1.476563 3661.047363 0.000000 0.768804 0.000000 0.639485 1.000000 1.000000 1.000000
2584.982910 1.979492 3609.311279 0.000000 -0.675553 0.000000 0.737311 1.000000 1.000000 1.000000
3274.390869 1.714844 4633.088867 0.000000 -0.269837 0.000000 0.962906 1.000000 1.000000 1.000000
3088.002930 1.716797 4003.828857 0.000000 0.070955 0.000000 0.997479 1.000000 1.000000 1.000000
3266.610107 0.889160 3858.611816 0.000000 0.531985 0.000000 0.846753 0.874976 0.874976 0.874976
3253.582520 0.996094 3891.002197 0.000000 0.569549 0.000000 0.821958 1.000000 1.000000 1.000000
3286.999756 1.117188 3939.817627 0.000000 -0.477121 0.000000 0.878838 1.000000 1.000000 1.000000
3260.090820 1.577393 3951.610840 0.000000 0.587224 0.000000 0.809425 1.000000 1.000000 1.000000
3242.271240 1.686035 3938.079834 0.000000 0.234372 0.000000 0.972147 0.922778 0.922778 0.922778
3239.199707 1.091553 4087.639404 0.000000 0.627790 0.000000 0.778383 1.000000 1.000000 1.000000
3455.727783 0.739258 4046.004395 0.000000 -0.389272 0.000000 0.921122 1.000000 1.000000 1.000000
3318.468994 1.763672 4209.263672 0.000000 -0.402080 0.000000 0.915604 1.000000 1.000000 1.000000
3632.192139 0.841064 4192.361816 0.000000 -0.536371 0.000000 0.843982 1.000000 1.000000 1.000000
3758.660156 1.917725 4230.524414 0.000000 0.574230 0.000000 0.818694 1.000000 1.000000 1.000000
3804.657227 1.526123 4195.376953 0.000000 0.432502 0.000000 0.901633 1.000000 1.000000 1.000000
3862.096680 2.245850 4190.290039 0.000000 -0.619345 0.000000 0.785119 1.000000 1.000000 1.000000
3896.135498 2.569336 4431.568359 0.000000 0.076950 0.000000 0.997035 1.087720 1.087720 1.087720
3715.568848 0.872070 4466.652344 0.000000 -0.706072 0.000000 0.708140 1.000000 1.000000 1.000000
3596.001465 1.424561 4369.074707 0.000000 0.297316 0.000000 0.954779 1.000000 1.000000 1.000000
3530.001953 1.790527 4366.022949 0.000000 -0.483438 0.000000 0.875379 1.000000 1.000000 1.000000
3450.814209 1.977051 4361.095703 0.000000 0.382120 0.000000 0.924112 1.000000 1.000000 1.000000
3300.063965 0.770020 4522.298340 0.000000 0.677834 0.000000 0.735215 1.000000 1.000000 1.000000
3305.792969 1.663574 4424.344727 0.000000 -0.605473 0.000000 0.795866 1.000000 1.000000 1.000000
3345.645508 0.475586 4612.274902 0.000000 -0.667514 0.000000 0.744597 1.000000 1.000000 1.000000
3988.425537 1.784180 4327.288574 0.000000 -0.287013 0.000000 0.957927 1.000000 1.000000 1.000000
4011.531494 0.665771 4356.040039 0.000000 0.483251 0.000000 0.875482 1.000000 1.000000 1.000000
3225.799072 2.350830 4245.682129 0.000000 -0.125523 0.000000 0.992091 1.000000 1.000000 1.000000
3245.234619 1.536865 4320.472168 0.000000 -0.442655 0.000000 0.896692 1.000000 1.000000 1.000000
3439.792969 1.124023 4719.284668 0.000000 -0.547144 0.000000 0.837038 1.000000 1.000000 1.000000
3116.104736 0.862305 4281.105469 0.000000 0.333483 0.000000 0.942756 1.000000 1.000000 1.000000
3783.812988 1.931641 4462.541992 0.000000 0.069159 0.000000 0.997606 1.000000 1.000000 1.000000
3713.289795 1.286377 4598.460938 0.000000 0.682866 0.000000 0.730544 1.000000 1.000000 1.000000
3637.379395 0.853516 4709.351562 0.000000 0.557042 0.000000 0.830484 1.000000 1.000000 1.000000
4143.775391 0.529053 4786.431152 0.000000 0.238167 0.000000 0.971224 1.000000 1.000000 1.000000
3910.991699 0.478271 5026.807129 0.000000 0.635456 0.000000 0.772137 1.088550 1.088550 1.088550
3134.013672 1.476074 3702.225586 0.000000 0.451935 0.000000 0.892051 1.000000 1.000000 1.000000
3248.268555 1.201416 3560.446533 0.000000 0.530486 0.000000 0.847693 1.000000 1.000000 1.000000
3377.747559 0.760010 3595.604980 0.000000 -0.234965 0.000000 0.972004 1.000000 1.000000 1.000000
3520.169189 0.636963 3690.565918 0.000000 -0.725568 0.000000 0.688151 1.000000 1.000000 1.000000
3344.339600 2.002930 3804.995850 0.000000 0.301392 0.000000 0.953500 1.000000 1.000000 1.000000
4086.526611 1.670654 3773.697510 0.000000 -0.474329 0.000000 0.880348 1.154956 1.154956 1.154956
4031.815430 2.002197 3777.194580 0.000000 0.837358 0.000000 0.546655 1.000000 1.000000 1.000000
4149.147461 1.372803 3954.851807 0.000000 -0.524575 0.000000 0.851364 1.000000 1.000000 1.000000
3853.154785 1.119873 3837.018555 0.000000 0.414977 0.000000 0.909832 1.000000 1.000000 1.000000
3926.407959 2.092773 3664.894043 0.000000 -0.210123 0.000000 0.977675 1.192454 1.192454 1.192454
4212.004395 1.672608 3636.374756 0.000000 0.428894 0.000000 0.903355 1.242017 1.242017 1.242017
3787.821045 1.912598 3634.458740 0.000000 -0.191138 0.000000 0.981563 1.119897 1.119897 1.119897
4329.188965 1.513916 4236.447754 0.000000 -0.964073 0.000000 -0.265637 1.118066 1.118066 1.118066
4325.399902 1.306641 4274.156738 0.000000 0.529684 0.000000 0.848196 1.000000 1.000000 1.000000
4211.115723 1.203125 4326.325195 0.000000 0.000000 0.000000 1.000000 1.000000 1.000000 1.000000
4700.771973 0.654297 4438.083984 0.000000 0.755478 0.000000 0.655173 1.000000 1.000000 1.000000
4530.805176 0.511719 4303.613770 0.000000 -0.419636 0.000000 0.907692 1.000000 1.000000 1.000000
4391.666992 0.920410 4263.943848 0.000000 -0.008454 0.000000 0.999964 1.000000 1.000000 1.000000
4388.982422 0.490723 4091.021240 0.000000 0.935289 0.000000 0.353884 1.000000 1.000000 1.000000
"}
object={
	name="bridge indian"
	render_pass=MapUnderWater
	clamp_to_water_level=no
	generated_content=no
	layer="temp_layer"
	pdxmesh="bridge_indian_mesh"
	count=31
	transform="6996.812500 1.240173 1646.940063 0.000000 -0.491804 0.000000 0.870706 1.000000 1.000000 1.000000
6995.766602 1.714478 1783.938354 0.000000 0.677160 0.000000 0.735836 1.000000 1.000000 1.000000
6975.459473 1.660401 1928.379517 0.000000 -0.185564 0.000000 0.982632 1.000000 1.000000 1.000000
7025.341309 1.052368 1972.543823 0.000000 0.000000 0.000000 1.000000 1.000000 1.000000 1.000000
6059.500488 1.091308 1313.622437 0.000000 -0.149704 0.000000 0.988731 1.000000 1.000000 1.000000
6045.175293 1.759949 1312.842896 0.000000 0.000488 0.000000 1.000000 1.000000 1.000000 1.000000
6030.343750 1.552795 1316.257935 0.000000 0.280253 0.000000 0.959926 1.000000 1.000000 1.000000
6220.033203 1.908936 1660.304810 0.000000 0.552930 0.000000 0.833228 1.000000 1.000000 1.000000
6166.892090 1.881592 1720.618286 0.000000 0.429748 0.000000 0.902949 1.000000 1.000000 1.000000
5705.875000 2.454956 1928.295654 0.000000 -0.249828 0.000000 0.968291 1.000000 1.000000 1.000000
5817.240234 1.480713 1932.621094 0.000000 0.159713 0.000000 0.987163 1.000000 1.000000 1.000000
6437.869141 2.030396 1878.965698 0.000000 -0.351003 0.000000 0.936374 1.000000 1.000000 1.000000
6599.085938 1.874146 2056.233154 0.000000 -0.607535 0.000000 0.794293 1.000000 1.000000 1.000000
6633.939941 1.063598 2107.498535 0.000000 0.025083 0.000000 0.999685 1.000000 1.000000 1.000000
6591.154785 2.140380 2097.556152 0.000000 -0.707281 0.000000 0.706933 1.000000 1.000000 1.000000
6706.867676 0.973145 2066.284424 0.000000 0.086318 0.000000 0.996268 1.000000 1.000000 1.000000
6679.709961 1.376464 2131.135986 0.000000 0.513017 0.000000 0.858378 1.000000 1.000000 1.000000
6574.866211 1.909667 2143.885010 0.000000 0.596130 0.000000 0.802888 1.000000 1.000000 1.000000
6436.333984 1.129882 2192.033447 0.000000 0.241012 0.000000 0.970523 1.000000 1.000000 1.000000
6278.587402 1.613403 2167.206543 0.000000 0.016967 0.000000 0.999856 1.000000 1.000000 1.000000
6815.378418 1.012940 2244.635986 0.000000 -0.334375 0.000000 0.942440 1.000000 1.000000 1.000000
6882.670410 1.059814 2266.776123 0.000000 -0.379411 0.000000 0.925228 1.000000 1.000000 1.000000
5473.486816 1.148682 2325.465576 0.000000 -0.373871 0.000000 0.927481 1.000000 1.000000 1.000000
5425.355469 1.309082 2147.371094 0.000000 -0.560788 0.000000 0.827960 1.000000 1.000000 1.000000
5561.965820 1.937989 2402.001221 0.000000 -0.362066 0.000000 0.932152 1.000000 1.000000 1.000000
5656.335449 1.145752 2442.059082 0.000000 -0.289497 0.000000 0.957179 1.000000 1.000000 1.000000
5586.229980 2.042115 2504.217773 0.000000 0.605789 0.000000 0.795626 1.000000 1.000000 1.000000
5753.618164 1.840209 2492.680908 0.000000 -0.228790 0.000000 0.973476 1.000000 1.000000 1.000000
6091.198242 1.829163 1317.371948 0.000000 -0.000549 0.000000 1.000000 1.000000 1.000000 1.000000
7951.461914 1.010986 2046.618652 0.000000 0.097197 0.000000 0.995265 1.000000 1.000000 1.000000
7998.625000 2.219604 2045.506836 0.000000 -0.282947 0.000000 0.959136 1.000000 1.000000 1.000000
"}
object={
	name="bridge mediterranean"
	render_pass=MapUnderWater
	clamp_to_water_level=no
	generated_content=no
	layer="temp_layer"
	pdxmesh="bridge_mediterranean_mesh"
	count=13
	transform="1759.145386 1.404297 3377.870605 0.000000 0.535405 0.000000 0.844596 1.000000 1.000000 1.000000
1059.802856 2.027588 2944.645264 0.000000 0.587520 0.000000 0.809210 1.185828 1.185828 1.185828
1092.233765 1.357544 3052.459229 0.000000 -0.058789 0.000000 0.998270 1.000000 1.000000 1.000000
1214.468384 1.570679 2983.822510 0.000000 -0.274829 0.000000 0.961494 1.243198 1.243198 1.243198
1142.762207 1.699951 2950.480225 0.000000 -0.628585 0.000000 0.777740 1.223791 1.223791 1.223791
2172.309082 2.653320 3473.321777 0.000000 -0.373361 0.000000 0.927686 1.000000 1.000000 1.000000
2073.306641 1.260254 3479.891846 0.000000 0.308179 0.000000 0.951328 1.000000 1.000000 1.000000
3064.928711 2.151368 3413.604248 0.000000 0.089753 0.000000 0.995964 1.000000 1.000000 1.000000
2951.362793 2.166504 3383.371338 0.000000 0.221089 0.000000 0.975254 1.000000 1.000000 1.000000
2795.752686 2.128662 3451.547363 0.000000 0.332160 0.000000 0.943223 1.000000 1.000000 1.000000
2596.778320 1.855468 3496.658936 0.000000 0.246620 0.000000 0.969112 1.000000 1.000000 1.000000
2107.377197 1.710449 3477.563721 0.000000 -0.531494 0.000000 0.847062 1.000000 1.000000 1.000000
3161.973877 1.209229 3487.836914 0.000000 0.216175 0.000000 0.976355 1.000000 1.000000 1.000000
"}
object={
	name="bridge mena"
	render_pass=MapUnderWater
	clamp_to_water_level=no
	generated_content=no
	layer="temp_layer"
	pdxmesh="bridge_mena_mesh"
	count=50
	transform="3263.459717 1.848633 2542.157471 0.000000 0.263955 0.000000 0.964535 0.909766 0.909766 0.909766
3297.052490 1.781250 2468.717285 0.000000 0.579888 0.000000 0.814696 1.000000 1.000000 1.000000
3303.795410 2.080079 2538.019287 0.000000 -0.390902 0.000000 0.920432 1.000000 1.000000 1.000000
3271.263184 1.519654 2371.238281 0.000000 -0.607899 0.000000 0.794014 1.000000 1.000000 1.000000
3275.265625 0.852417 2329.902344 0.000000 0.574830 0.000000 0.818273 1.000000 1.000000 1.000000
3303.684570 2.016602 2283.525635 0.000000 0.292154 0.000000 0.956371 1.000000 1.000000 1.000000
3370.166748 1.831665 2189.129395 0.000000 0.469486 0.000000 0.882940 1.000000 1.000000 1.000000
1205.216553 1.971558 1507.411865 0.000000 0.962359 0.000000 0.271779 1.000000 1.000000 1.000000
1329.087280 1.983886 1657.736328 0.000000 -0.106267 0.000000 0.994337 1.000000 1.000000 1.000000
1484.354370 2.627259 1640.771606 0.000000 0.587434 0.000000 0.809272 1.000000 1.000000 1.000000
1643.350830 0.789338 1411.948975 0.000000 0.006287 0.000000 0.999980 1.000000 1.000000 1.000000
1749.717773 1.992829 1330.688599 0.000000 0.385643 0.000000 0.922648 1.000000 1.000000 1.000000
1849.179443 0.876359 1190.408203 0.000000 -0.996579 0.000000 -0.082644 1.000000 1.000000 1.000000
1877.154175 1.915024 1025.067383 0.000000 -0.560257 0.000000 0.828319 1.000000 1.000000 1.000000
1850.525757 1.455552 947.686523 0.000000 0.717305 0.000000 0.696759 1.000000 1.000000 1.000000
4147.045898 2.161988 2615.378418 0.000000 -0.848214 0.000000 0.529654 1.158841 1.158841 1.158841
4095.324219 1.647217 2651.752686 0.000000 0.442162 0.000000 0.896935 1.000000 1.000000 1.000000
4222.236328 1.390747 2533.691895 0.000000 0.000000 0.000000 1.000000 1.000000 1.000000 1.000000
7032.965820 1.855835 1645.015381 0.000000 0.670667 0.000000 0.741759 1.000000 1.000000 1.000000
7403.282715 2.537109 1557.549316 0.000000 -0.519499 0.000000 0.854471 1.000000 1.000000 1.000000
7475.518555 1.561523 1575.514038 0.000000 0.042834 0.000000 0.999082 1.000000 1.000000 1.000000
7577.554688 2.299194 1573.152466 0.000000 0.000000 0.000000 1.000000 1.000000 1.000000 1.000000
7599.466797 2.603638 1574.329224 0.000000 0.393485 0.000000 0.919331 1.000000 1.000000 1.000000
7616.866211 1.874512 1456.796631 0.000000 0.605206 0.000000 0.796069 1.000000 1.000000 1.000000
7455.840332 2.085693 1469.234375 0.000000 -0.954926 0.000000 0.296845 1.000000 1.000000 1.000000
7549.120117 1.924438 1381.401733 0.000000 0.701215 0.000000 0.712950 1.000000 1.000000 1.000000
7558.911621 1.847046 1355.061646 0.000000 -0.821369 0.000000 0.570398 1.000000 1.000000 1.000000
7598.889160 1.723755 1275.396118 0.000000 -0.931156 0.000000 0.364621 1.000000 1.000000 1.000000
7921.240723 2.212646 2064.667725 0.000000 -0.215103 0.000000 0.976591 1.000000 1.000000 1.000000
8353.250000 2.485840 2601.350098 0.000000 -0.391127 0.000000 0.920337 1.000000 1.000000 1.000000
8321.056641 2.041504 2551.647461 0.000000 -0.111826 0.000000 0.993728 1.000000 1.000000 1.000000
8286.469727 1.920166 2518.787354 0.000000 -0.125401 0.000000 0.992106 1.000000 1.000000 1.000000
8244.842773 2.113770 2478.804688 0.000000 -0.432612 0.000000 0.901580 1.000000 1.000000 1.000000
8216.903320 1.864502 2460.127441 0.000000 -0.159834 0.000000 0.987144 1.000000 1.000000 1.000000
8197.312500 2.055176 2455.981445 0.000000 0.000000 0.000000 1.000000 1.000000 1.000000 1.000000
8174.932617 2.061279 2463.002197 0.000000 -0.017821 0.000000 0.999841 1.000000 1.000000 1.000000
8123.693848 1.987793 2508.903564 0.000000 -0.109278 0.000000 0.994011 1.000000 1.000000 1.000000
8076.997070 2.142822 2472.943359 0.000000 -0.389497 0.000000 0.921028 1.000000 1.000000 1.000000
8036.921387 2.622803 2442.461670 0.000000 -0.446373 0.000000 0.894847 1.000000 1.000000 1.000000
8019.971191 2.070068 2447.495117 0.000000 0.769769 0.000000 0.638323 1.000000 1.000000 1.000000
7953.728516 2.121826 2498.814209 0.000000 -0.026791 0.000000 0.999641 1.000000 1.000000 1.000000
7912.619141 3.072021 2776.936279 0.000000 -0.243203 0.000000 0.969975 1.000000 1.000000 1.000000
7955.901855 2.386230 2797.376465 0.000000 -0.224451 0.000000 0.974485 1.000000 1.000000 1.000000
8035.872070 2.279297 2786.291748 0.000000 -0.049784 0.000000 0.998760 1.000000 1.000000 1.000000
8141.030273 2.426514 2840.109131 0.000000 0.000000 0.000000 1.000000 1.000000 1.000000 1.000000
8183.274902 2.521484 2871.064697 0.000000 -0.589444 0.000000 0.807809 1.000000 1.000000 1.000000
8219.624023 1.919189 2889.396484 0.000000 -0.229741 0.000000 0.973252 1.000000 1.000000 1.000000
8230.029297 2.378418 2927.924561 0.000000 -0.465115 0.000000 0.885250 1.000000 1.000000 1.000000
8271.944336 2.007324 2942.170898 0.000000 -0.131091 0.000000 0.991370 1.000000 1.000000 1.000000
8329.212891 1.956055 2957.840820 0.000000 -0.342301 0.000000 0.939590 1.000000 1.000000 1.000000
"}
object={
	name="bridge western"
	render_pass=MapUnderWater
	clamp_to_water_level=no
	generated_content=no
	layer="temp_layer"
	pdxmesh="bridge_western_mesh"
	count=13
	transform="1456.750366 1.470703 3477.770264 0.000000 0.479821 0.000000 0.877367 1.348145 1.348145 1.348145
1480.720703 1.507081 3643.438721 0.000000 0.391415 0.000000 0.920214 1.000000 1.000000 1.000000
2178.743652 2.074707 4065.984375 0.000000 0.053282 0.000000 0.998580 1.273535 1.273535 1.273535
2058.204102 1.596436 4117.375977 0.000000 0.253276 0.000000 0.967394 1.000000 1.000000 1.000000
1878.326050 1.596436 3953.823975 0.000000 0.683729 0.000000 0.729736 1.000000 1.000000 1.000000
1830.173218 1.349853 3984.878418 0.000000 -0.225097 0.000000 0.974336 1.000000 1.000000 1.000000
1620.388184 1.818359 3759.738281 0.000000 -0.053525 0.000000 0.998567 1.000000 1.000000 1.000000
1599.270630 1.148437 3767.668945 0.000000 -0.164434 0.000000 0.986388 1.044534 1.044534 1.044534
1540.427734 1.080566 3800.129883 0.000000 0.349224 0.000000 0.937039 1.000000 1.000000 1.000000
1396.621948 1.278076 3635.496094 0.000000 0.109203 0.000000 0.994020 1.000000 1.000000 1.000000
1526.785034 1.519043 3958.295410 0.000000 0.075413 0.000000 0.997152 1.256811 1.256811 1.256811
1486.024780 1.180176 3957.765869 0.000000 0.000000 0.000000 1.000000 1.000000 1.000000 1.000000
3894.887451 0.478271 5036.361816 0.000000 0.247966 0.000000 0.968769 1.088550 1.088550 1.088550
"}
