object={
	name="great_wall_china_gate"
	render_pass=Map
	clamp_to_water_level=no
	generated_content=no
	layer="temp_layer"
	pdxmesh="tgp_great_wall_gate_01_mesh"
	count=11
	transform="7598.297852 0.000000 2950.683594 0.000000 -0.918921 0.000000 -0.394442 1.000000 1.000000 1.000000
7663.697754 0.000000 3138.962402 0.000000 0.823694 0.000000 0.567035 1.000000 1.000000 1.000000
7726.924316 0.000000 3192.812256 0.000000 -0.998616 0.000000 -0.052592 1.000000 1.000000 1.000000
7599.485840 0.000000 2865.898926 0.000000 0.992371 0.000000 -0.123286 1.000000 1.000000 1.000000
7726.379883 0.000000 2917.029541 0.000000 0.950627 0.000000 0.310337 1.000000 1.000000 1.000000
7877.112305 0.000000 3046.165039 0.000000 -0.837520 0.000000 -0.546407 1.000000 1.000000 1.000000
8024.727539 0.000000 3172.717529 0.000000 -0.960334 0.000000 -0.278850 1.000000 1.000000 1.000000
8118.558105 0.000000 3207.759277 0.000000 -0.984687 0.000000 0.174332 1.000000 1.000000 1.000000
0.000000 0.000000 0.000000 0.000000 0.000000 0.000000 1.000000 1.000000 1.000000 1.000000
0.000000 0.000000 0.000000 0.000000 0.000000 0.000000 1.000000 1.000000 1.000000 1.000000
0.000000 0.000000 0.000000 0.000000 0.000000 0.000000 1.000000 1.000000 1.000000 1.000000
"}
